current        in_1_ch_11_out_1in_1_ch_11_out_2in_1_ch_11_out_3in_1_ch_11_out_4
0.001          0.02490349     0.01884149     0.02196128     0.047675       
0.002          0.02498716     0.01885778     0.0219039      0.04768375     
0.003          0.02500537     0.01887571     0.02191041     0.04769        
0.004          0.02499968     0.01883986     0.02192224     0.04755062     
0.005          0.02493478     0.01885127     0.02192579     0.04761374     
0.006          0.02488071     0.01883578     0.02186073     0.04764437     
0.007          0.02487103     0.01881949     0.02193704     0.0476325      
0.008          0.02489209     0.01888957     0.02194767     0.04756125     
0.009          0.02482437     0.01893356     0.02188793     0.04749688     
0.01           0.0248181      0.01891807     0.02191573     0.04746313     
0.011          0.02472077     0.01890016     0.02197194     0.04749938     
0.012          0.02488071     0.01901096     0.02199027     0.04759999     
0.013          0.02464564     0.01896696     0.02199736     0.04754313     
0.014          0.02459099     0.01916168     0.02198317     0.04749812     
0.015          0.02460863     0.01925375     0.02199678     0.04739875     
0.016          0.02452838     0.01927819     0.0220228      0.04743749     
0.017          0.02458188     0.01923908     0.02204055     0.0472925      
0.018          0.02445495     0.01947942     0.02202813     0.04719562     
0.019          0.02441909     0.0195552      0.02203996     0.04720188     
0.02           0.02429728     0.01945091     0.02216417     0.04724687     
0.021          0.02432689     0.0193833      0.0220506      0.047245       
0.022          0.02426883     0.01953157     0.02209911     0.04733937     
0.023          0.02425745     0.01957395     0.02217897     0.0471675      
0.024          0.02420508     0.01962282     0.02206599     0.04697812     
0.025          0.02409579     0.01973607     0.02216417     0.04695125     
0.026          0.02401554     0.01981347     0.02220972     0.04679875     
0.027          0.02408498     0.01992183     0.02222628     0.0468325      
0.028          0.02407188     0.01997072     0.02221564     0.04679937     
0.029          0.02401382     0.01997072     0.02241557     0.04676688     
0.03           0.02396317     0.02007988     0.02247354     0.04663625     
0.031          0.02367117     0.0202192      0.02246053     0.04668187     
0.032          0.02363247     0.02039193     0.02253565     0.04663187     
0.033          0.02354709     0.02035689     0.02248005     0.04642062     
0.034          0.02349813     0.02053207     0.02263976     0.04640187     
0.035          0.02335925     0.0205899      0.02266637     0.04647062     
0.036          0.02323573     0.02059643     0.02254393     0.04645312     
0.037          0.02308889     0.02091498     0.02258297     0.04622812     
0.038          0.02305074     0.02092966     0.02264922     0.04615187     
0.039          0.02288739     0.02103638     0.02272493     0.0462275      
0.04           0.022876       0.02118467     0.02268766     0.04605937     
0.041          0.02279233     0.02130199     0.02279237     0.04600562     
0.042          0.02269557     0.02148775     0.02273203     0.04592687     
0.043          0.02250887     0.02166291     0.02279828     0.04595437     
0.044          0.02234665     0.02184785     0.02283554     0.04568375     
0.045          0.02234893     0.02206865     0.02277225     0.04566937     
0.046          0.02208938     0.02211346     0.02267702     0.04542062     
0.047          0.02205409     0.02222264     0.0226924      0.04547813     
0.048          0.02196415     0.02227722     0.02272848     0.04546562     
0.049          0.02187878     0.02248335     0.02277463     0.04558124     
0.05           0.02180819     0.02285568     0.02277639     0.045405       
0.051          0.02174387     0.02302026     0.02274445     0.04559124     
0.052          0.0215771      0.02320684     0.02268411     0.04558187     
0.053          0.02160555     0.02334778     0.02268234     0.04544625     
0.054          0.02145756     0.02331274     0.02255754     0.04509812     
0.055          0.02151448     0.02339748     0.0226368      0.04504        
0.056          0.02142228     0.02357508     0.02265986     0.04512313     
0.057          0.02163231     0.02365411     0.02244337     0.04529813     
0.058          0.02169947     0.02373966     0.02223812     0.04530563     
0.059          0.02156855     0.02361664     0.0222458      0.04515563     
0.06           0.02178087     0.02352295     0.02199559     0.04517374     
0.061          0.02183267     0.02341785     0.02202458     0.04550499     
0.062          0.02195277     0.02339667     0.02190331     0.0458575      
0.063          0.0220262      0.02326305     0.02182819     0.04606687     
0.064          0.02221972     0.02285568     0.02153421     0.04621187     
0.065          0.02253847     0.02253223     0.02127217     0.04629625     
0.066          0.02274964     0.02232773     0.02129523     0.04669187     
0.067          0.02311564     0.02212568     0.0212136      0.04709624     
0.068          0.02344292     0.02161648     0.02104383     0.047465       
0.069          0.0238277      0.02111867     0.02093796     0.0476075      
0.07           0.02406449     0.02095002     0.02090424     0.047715       
0.071          0.02441909     0.02029171     0.02078416     0.048375       
0.072          0.02487901     0.01988436     0.02058778     0.04850687     
0.073          0.02512831     0.01909243     0.02065225     0.04849187     
0.074          0.02570377     0.01854656     0.02069602     0.04878999     
0.075          0.02585347     0.01815631     0.020628       0.04917875     
0.076          0.0260783      0.01776523     0.02069602     0.04915        
0.077          0.02629061     0.01757865     0.0210675      0.04919313     
0.078          0.02643234     0.01735706     0.02116747     0.04924374     
0.079          0.02627923     0.01718352     0.02129878     0.04922313     
0.08           0.02624735     0.01747926     0.02170042     0.0485625      
