current        in_1_ch_10_out_1in_1_ch_10_out_2in_1_ch_10_out_3in_1_ch_10_out_4
0.001          0.02496667     0.01882439     0.02194531     0.04781187     
0.002          0.02508734     0.01882682     0.02185245     0.04777062     
0.003          0.02498601     0.01887        0.02189503     0.04798875     
0.004          0.02496211     0.01882195     0.02184535     0.04795688     
0.005          0.02502074     0.01885127     0.021869       0.0479675      
0.006          0.02500594     0.01882195     0.02188142     0.04799063     
0.007          0.02488869     0.01878853     0.02188497     0.04807562     
0.008          0.02497406     0.01883091     0.02186191     0.04804562     
0.009          0.0248978      0.01876899     0.02189799     0.048005       
0.01           0.02498773     0.01882357     0.02181932     0.04788125     
0.011          0.02496667     0.01886267     0.02182287     0.04792124     
0.012          0.02493365     0.01875188     0.02186368     0.0478425      
0.013          0.02493365     0.01882682     0.02186487     0.04782874     
0.014          0.0249752      0.01883091     0.0218483      0.047765       
0.015          0.0250788      0.01882113     0.02181222     0.04778874     
0.016          0.02504692     0.01884313     0.02191632     0.04769687     
0.017          0.02511636     0.01886675     0.0218418      0.04769375     
0.018          0.02504293     0.01886106     0.02183707     0.047715       
0.019          0.02515678     0.01888224     0.02179626     0.04774375     
0.02           0.02506058     0.01879424     0.02181991     0.04773625     
0.021          0.02506912     0.01883498     0.02185481     0.04767937     
0.022          0.02510213     0.0187307      0.02180572     0.04765062     
0.023          0.02509303     0.01877062     0.02187019     0.04767999     
0.024          0.0251249      0.0187307      0.02180572     0.04765999     
0.025          0.02517158     0.01868099     0.02178679     0.04772687     
0.026          0.02516075     0.01878935     0.02179447     0.04782625     
0.027          0.02536681     0.01873884     0.02185836     0.0479825      
0.028          0.02528541     0.01865655     0.02182406     0.04798938     
0.029          0.0253577      0.01863863     0.02182582     0.04792562     
0.03           0.02537534     0.01855308     0.02177614     0.04817999     
0.031          0.02546869     0.01855716     0.02180926     0.04825813     
0.032          0.02559165     0.01846672     0.02167794     0.04844937     
0.033          0.02537933     0.01840236     0.02154131     0.04850812     
0.034          0.02550683     0.01825571     0.02158093     0.04860688     
0.035          0.02531216     0.01802677     0.02163417     0.04871625     
0.036          0.02529225     0.01808135     0.0216259      0.04881062     
0.037          0.02538729     0.01791595     0.02141768     0.04916625     
0.038          0.02562409     0.01774323     0.0214579      0.04932938     
0.039          0.02560018     0.01767643     0.02140999     0.0494175      
0.04           0.0257624      0.01756969     0.02140289     0.04960187     
0.041          0.02551537     0.01749718     0.02125737     0.04995624     
0.042          0.02562693     0.01744178     0.02130706     0.05024124     
0.043          0.02563604     0.01721773     0.02123786     0.05062188     
0.044          0.02548293     0.01706048     0.02120473     0.05078187     
0.045          0.0256036      0.01681118     0.02116628     0.05108812     
0.046          0.02552675     0.0166466      0.02111246     0.05126062     
0.047          0.02532298     0.0165407      0.02108465     0.05171312     
0.048          0.02543283     0.01628323     0.02112369     0.05210499     
0.049          0.02549317     0.01619362     0.02106218     0.05246188     
0.05           0.02535657     0.01586528     0.02112961     0.05304687     
0.051          0.02517727     0.0156339      0.02097996     0.05370375     
0.052          0.02523191     0.0155956      0.02085573     0.05419438     
0.053          0.02504577     0.01531371     0.02094978     0.05429375     
0.054          0.02496724     0.01485745     0.02082202     0.05474062     
0.055          0.0249513      0.01440854     0.02086934     0.0552775      
0.056          0.02501049     0.01430018     0.02071259     0.05569313     
0.057          0.02484997     0.01404598     0.02073329     0.05652312     
0.058          0.02458303     0.01384882     0.02061322     0.05705125     
0.059          0.02434226     0.01341212     0.02060967     0.05752625     
0.06           0.02417833     0.01322066     0.0204257      0.05805875     
0.061          0.02424321     0.0130235      0.02044404     0.05833499     
0.062          0.02401041     0.01286054     0.02048722     0.05904937     
0.063          0.02387836     0.01249555     0.02042748     0.05916001     
0.064          0.0234913      0.012432       0.02053336     0.05973749     
0.065          0.02340479     0.01233423     0.02058955     0.0598625      
0.066          0.02326875     0.01209389     0.02059133     0.06002        
0.067          0.0231219      0.0121224      0.0205511      0.06053312     
0.068          0.02296765     0.01211263     0.02083267     0.06078875     
0.069          0.0227172      0.01233504     0.02093619     0.06073499     
0.07           0.02266426     0.01257784     0.02089182     0.06040999     
0.071          0.0225601      0.01281818     0.02109175     0.06022688     
0.072          0.02249919     0.01309519     0.02110949     0.0599275      
0.073          0.02236885     0.01330784     0.02116628     0.05912437     
0.074          0.02251399     0.0138529      0.02145436     0.05807563     
0.075          0.02265572     0.0143515      0.02164127     0.05720625     
0.076          0.0225527      0.01506032     0.02178679     0.05626875     
0.077          0.02292667     0.01579685     0.02192757     0.0546025      
0.078          0.02304677     0.0162808      0.02202043     0.05298813     
0.079          0.02334331     0.01679082     0.02210088     0.05175374     
0.08           0.02325509     0.01734564     0.02230791     0.05024249     
