current        in_1_ch_9_out_1in_1_ch_9_out_2in_1_ch_9_out_3in_1_ch_9_out_4
0.001          0.02492056     0.01872662     0.02171225     0.04885687     
0.002          0.02492511     0.01883335     0.02167084     0.04883        
0.003          0.02501789     0.0187258      0.0216673      0.04898249     
0.004          0.02488185     0.01879099     0.02173177     0.04894312     
0.005          0.02489039     0.01876653     0.02169687     0.04885875     
0.006          0.0247959      0.01861337     0.0217158      0.0489575      
0.007          0.02498204     0.01882275     0.02178501     0.04909687     
0.008          0.02492967     0.01878691     0.02173473     0.0492025      
0.009          0.02495813     0.01874617     0.02167203     0.04906063     
0.01           0.0248551      0.01862723     0.02177733     0.04888437     
0.011          0.02497349     0.01877549     0.02167203     0.04895375     
0.012          0.02500936     0.01877957     0.02180217     0.04879437     
0.013          0.02501106     0.01869892     0.02181281     0.04874625     
0.014          0.02499399     0.01871195     0.02172527     0.04866062     
0.015          0.02497064     0.01868751     0.02171403     0.04865374     
0.016          0.02504806     0.01871684     0.02185067     0.04859437     
0.017          0.02511409     0.01859219     0.02181814     0.04848499     
0.018          0.02519662     0.01860359     0.02185185     0.04847312     
0.019          0.0251488      0.01850583     0.0218767      0.04838062     
0.02           0.02508847     0.01852783     0.02180217     0.04857313     
0.021          0.02512831     0.0184048      0.02182878     0.04855063     
0.022          0.0251602      0.01843739     0.02172172     0.04845375     
0.023          0.02517784     0.01836814     0.02168386     0.04840187     
0.024          0.02540665     0.01841376     0.02168328     0.0482525      
0.025          0.0256036      0.01834776     0.02173769     0.04831437     
0.026          0.02556717     0.01849523     0.02185126     0.04809125     
0.027          0.02573337     0.01853516     0.02182938     0.04811875     
0.028          0.02574817     0.01830132     0.02187315     0.048085       
0.029          0.02599862     0.0183934      0.02184357     0.04774437     
0.03           0.02613693     0.01851723     0.02180039     0.04763374     
0.031          0.02594909     0.01829074     0.02193408     0.047335       
0.032          0.02613807     0.01834043     0.02197134     0.04703312     
0.033          0.0261375      0.0182606      0.02198494     0.04699562     
0.034          0.02630541     0.01836        0.02189444     0.04708188     
0.035          0.02641812     0.01841458     0.02186428     0.04694749     
0.036          0.02655131     0.01855879     0.02181991     0.04685437     
0.037          0.02662417     0.01849768     0.02182938     0.04665        
0.038          0.02679378     0.01845776     0.02181872     0.04622063     
0.039          0.02685753     0.01860277     0.02180985     0.04597312     
0.04           0.0270169      0.01868751     0.02181045     0.04568125     
0.041          0.02710855     0.01871441     0.02183293     0.04518        
0.042          0.02739713     0.01882195     0.02194295     0.04490687     
0.043          0.02743982     0.01894578     0.0219672      0.04459812     
0.044          0.02759578     0.01906229     0.02190331     0.044245       
0.045          0.02758269     0.0192179      0.02195063     0.04368375     
0.046          0.02783825     0.01945906     0.02191337     0.04313625     
0.047          0.02798055     0.01938899     0.02191632     0.04241813     
0.048          0.02817807     0.01960653     0.02188676     0.04197937     
0.049          0.02824922     0.01992508     0.02196305     0.04143813     
0.05           0.02828963     0.02010188     0.02196365     0.04071188     
0.051          0.02828053     0.02026809     0.02193053     0.04012937     
0.052          0.02833403     0.02048807     0.02194295     0.03967625     
0.053          0.0284103      0.02072434     0.02191573     0.03879625     
0.054          0.02844673     0.02084573     0.02194117     0.03792063     
0.055          0.02867043     0.02104127     0.02201512     0.0372475      
0.056          0.02900511     0.02155455     0.02197134     0.03642875     
0.057          0.02859074     0.02200672     0.0220228      0.03559874     
0.058          0.02869035     0.0221705      0.02201216     0.03486249     
0.059          0.02865392     0.02240187     0.02211508     0.03419625     
0.06           0.02871255     0.02282472     0.02213992     0.03307624     
0.061          0.02878881     0.02321009     0.02216595     0.03234062     
0.062          0.02846608     0.02357021     0.02208609     0.03176812     
0.063          0.02817864     0.02405008     0.02218842     0.03104688     
0.064          0.02806479     0.02441426     0.02226532     0.03025562     
0.065          0.02790315     0.02454707     0.02216477     0.02995875     
0.066          0.02775516     0.02484199     0.02208077     0.0294425      
0.067          0.02739258     0.02535691     0.02215411     0.02919438     
0.068          0.02726849     0.02557688     0.02212631     0.02910625     
0.069          0.02703683     0.02561517     0.02207899     0.02921        
0.07           0.02681428     0.02563148     0.02207663     0.02933688     
0.071          0.0262206      0.02573495     0.02202575     0.02977312     
0.072          0.02594113     0.0256657      0.02223516     0.03035937     
0.073          0.0252894      0.02551741     0.02225822     0.03138188     
0.074          0.02490405     0.02513529     0.02206421     0.03268499     
0.075          0.0244265      0.02461062     0.02226887     0.03392874     
0.076          0.02429785     0.02424968     0.02228662     0.03570437     
0.077          0.02401098     0.02339014     0.02200682     0.03766188     
0.078          0.02382144     0.02256156     0.02192579     0.03943687     
0.079          0.02375883     0.02200672     0.02201748     0.04145312     
0.08           0.0236689      0.02102987     0.02198377     0.04344562     
