current        in_1_ch_16_out_1in_1_ch_16_out_2in_1_ch_16_out_3in_1_ch_16_out_4
0.001          0.02467296     0.01886186     0.022037       0.04664624     
0.002          0.02451359     0.0188692      0.02203109     0.04648624     
0.003          0.02448911     0.01884557     0.02223279     0.04657        
0.004          0.02455229     0.01883417     0.0222251      0.04660188     
0.005          0.02451529     0.01885046     0.02213578     0.04623938     
0.006          0.02462003     0.01881053     0.02230437     0.04624063     
0.007          0.02452269     0.0188146      0.02219375     0.04653813     
0.008          0.02464279     0.01877224     0.02225054     0.04673063     
0.009          0.02464222     0.01868833     0.02233098     0.04676063     
0.01           0.02467011     0.0187478      0.02237949     0.04670312     
0.011          0.02476232     0.0186541      0.02232626     0.04649624     
0.012          0.02478908     0.01865573     0.02240433     0.04658438     
0.013          0.02490234     0.01856123     0.02254333     0.04677562     
0.014          0.0249513      0.01849848     0.02254925     0.0467925      
0.015          0.02493763     0.018294       0.02266873     0.04656312     
0.016          0.02494332     0.01827933     0.0227208      0.04640749     
0.017          0.02497236     0.01816282     0.02278822     0.04646062     
0.018          0.02495527     0.01789315     0.02283318     0.04622875     
0.019          0.02501561     0.01781576     0.02291303     0.04610063     
0.02           0.02512946     0.01770087     0.02314314     0.04603562     
0.021          0.02509701     0.01772043     0.02309877     0.04600125     
0.022          0.02510953     0.01765198     0.02324488     0.0458075      
0.023          0.02514937     0.01745889     0.02323364     0.04554438     
0.024          0.02528997     0.01732771     0.023501       0.04566124     
0.025          0.02531103     0.01715663     0.02352467     0.04560688     
0.026          0.02548178     0.0169562      0.0235921      0.0453225      
0.027          0.02569125     0.01676964     0.02364119     0.04510187     
0.028          0.02562978     0.01673297     0.02386183     0.04495187     
0.029          0.02592519     0.01657246     0.02398487     0.04464938     
0.03           0.02604984     0.01649425     0.02429778     0.04426375     
0.031          0.02624849     0.01642499     0.02434391     0.0442775      
0.032          0.02643234     0.01628976     0.02439006     0.04383063     
0.033          0.02657065     0.0161814      0.02452019     0.04345625     
0.034          0.0267898      0.01595082     0.02475206     0.04323312     
0.035          0.02686835     0.01581884     0.02496205     0.04256625     
0.036          0.02716547     0.0155622      0.02528444     0.04239125     
0.037          0.02750187     0.01543184     0.02540569     0.041825       
0.038          0.02762765     0.01538784     0.02547845     0.04125251     
0.039          0.02783541     0.01532511     0.02578426     0.04074188     
0.04           0.02826743     0.01519882     0.0259558      0.04006375     
0.041          0.02842965     0.0150595      0.02612557     0.03960813     
0.042          0.02892372     0.01486641     0.0261303      0.03893125     
0.043          0.02940013     0.01491205     0.02646924     0.03811375     
0.044          0.02986005     0.01480369     0.02684249     0.03738125     
0.045          0.03030401     0.01471895     0.02692116     0.03680562     
0.046          0.03068423     0.01459919     0.02709685     0.03586938     
0.047          0.03125229     0.01472058     0.02738432     0.03484251     
0.048          0.03149193     0.01476376     0.02749553     0.03398313     
0.049          0.03212886     0.01467251     0.02767179     0.03285938     
0.05           0.0324738      0.01499352     0.02782618     0.03164625     
0.051          0.03297811     0.01522001     0.02790368     0.03050124     
0.052          0.03341183     0.01540984     0.02802848     0.02936875     
0.053          0.03390703     0.01547584     0.02831596     0.028355       
0.054          0.03389337     0.01595489     0.02836387     0.02720188     
0.055          0.0349942      0.01629545     0.02848454     0.02618813     
0.056          0.03552583     0.01655699     0.02848396     0.02502375     
0.057          0.0353875      0.01716641     0.02850938     0.02379188     
0.058          0.03616674     0.01765118     0.02854487     0.02262687     
0.059          0.03652762     0.01817586     0.02820357     0.02168499     
0.06           0.03711958     0.01877713     0.02801961     0.02051438     
0.061          0.03772008     0.01945581     0.02792733     0.01984187     
0.062          0.03773089     0.0201744      0.02774278     0.01917312     
0.063          0.03796824     0.02102335     0.02729559     0.01867312     
0.064          0.03792727     0.02184378     0.02678156     0.01815375     
0.065          0.03788572     0.02262511     0.0263048      0.01794937     
0.066          0.03785042     0.02346428     0.02589133     0.01801438     
0.067          0.03777529     0.024477       0.02523711     0.01843125     
0.068          0.03744686     0.02527951     0.02466037     0.01902312     
0.069          0.03692776     0.02607551     0.02405289     0.01989375     
0.07           0.03611723     0.02686987     0.02345487     0.0211425      
0.071          0.03541141     0.0275795      0.02262911     0.02316188     
0.072          0.03455876     0.02786873     0.02187847     0.02491062     
0.073          0.03348184     0.02821418     0.02133841     0.02704562     
0.074          0.03197119     0.02871931     0.02063273     0.02994562     
0.075          0.0307258      0.02803575     0.0201542      0.03276562     
0.076          0.02959764     0.0278728      0.01983419     0.03539563     
0.077          0.02825491     0.02699941     0.01950411     0.03865749     
0.078          0.02695032     0.02609669     0.01954552     0.04128125     
0.079          0.02592064     0.02469045     0.01971706     0.04351375     
0.08           0.02507823     0.02325898     0.02031686     0.04542687     
