current        in_1_ch_5_out_1in_1_ch_5_out_2in_1_ch_5_out_3in_1_ch_5_out_4
0.001          0.02467979     0.0187421      0.02153657     0.04959688     
0.002          0.02474866     0.01878853     0.02162353     0.04970937     
0.003          0.02477656     0.01877957     0.02151764     0.04987875     
0.004          0.02478053     0.01873231     0.02156733     0.05007937     
0.005          0.02462059     0.01875431     0.02153184     0.04968499     
0.006          0.02455115     0.01870788     0.02147091     0.04969562     
0.007          0.02456481     0.01876653     0.02153716     0.04967937     
0.008          0.02439803     0.01873395     0.02139402     0.04993938     
0.009          0.024443       0.01885617     0.02151883     0.05007062     
0.01           0.02442479     0.01877388     0.02138692     0.04998563     
0.011          0.02449138     0.0189026      0.02152534     0.0502275      
0.012          0.02435876     0.01887164     0.02128872     0.0502025      
0.013          0.0243747      0.01888957     0.02140881     0.05006624     
0.014          0.02443162     0.01900933     0.02128814     0.05021562     
0.015          0.02430526     0.01892542     0.02120177     0.05030499     
0.016          0.02431607     0.01900036     0.02117812     0.05035124     
0.017          0.02424663     0.01909569     0.02116806     0.05041625     
0.018          0.02430469     0.01919754     0.02106514     0.05060312     
0.019          0.02412141     0.01905985     0.02105034     0.05076        
0.02           0.02417661     0.01911118     0.02110003     0.05093875     
0.021          0.02419996     0.01914294     0.02093085     0.05097437     
0.022          0.02388007     0.01913805     0.02096044     0.05121125     
0.023          0.0237759      0.01907207     0.02074098     0.05115999     
0.024          0.02378558     0.01927819     0.02068538     0.05120062     
0.025          0.02368198     0.01938003     0.02061854     0.05149063     
0.026          0.02359148     0.01905089     0.02059665     0.05151499     
0.027          0.02353513     0.01916739     0.02054578     0.05159625     
0.028          0.02344292     0.01937515     0.02043694     0.05175813     
0.029          0.02332282     0.01936048     0.02037188     0.05185813     
0.03           0.02327331     0.01930997     0.02033106     0.05214688     
0.031          0.02296024     0.01945906     0.0202169      0.05224374     
0.032          0.02298301     0.01938412     0.02017076     0.05254499     
0.033          0.02267565     0.01955846     0.02002524     0.05284563     
0.034          0.02265117     0.01945255     0.01990044     0.05262499     
0.035          0.02253562     0.01947455     0.01985667     0.0528275      
0.036          0.02254359     0.01938166     0.01971529     0.0528475      
0.037          0.02239389     0.01925294     0.0197768      0.05288125     
0.038          0.02218671     0.01939306     0.01960822     0.05308063     
0.039          0.02218841     0.01948677     0.01964253     0.05301125     
0.04           0.02203074     0.01921219     0.01948459     0.05365562     
0.041          0.02192487     0.01925619     0.01946863     0.05374063     
0.042          0.0219078      0.01918939     0.01946804     0.05372438     
0.043          0.02188162     0.01923583     0.01948993     0.0540875      
0.044          0.02170005     0.01902971     0.01943078     0.05417813     
0.045          0.02151051     0.01890749     0.01944911     0.054175       
0.046          0.02137162     0.0188806      0.01952423     0.053865       
0.047          0.0213591      0.01878528     0.01960231     0.05377375     
0.048          0.02154636     0.01876653     0.01953547     0.05387437     
0.049          0.02145017     0.01860685     0.01956977     0.05367499     
0.05           0.02142113     0.0184154      0.01967566     0.05342062     
0.051          0.02153611     0.01823045     0.01992469     0.0531075      
0.052          0.02149855     0.01792003     0.01996254     0.0528325      
0.053          0.02157369     0.01770005     0.02010924     0.05238125     
0.054          0.02170062     0.01758355     0.02027487     0.05213187     
0.055          0.02186511     0.01742631     0.02046356     0.05171875     
0.056          0.0219966      0.01708656     0.02068243     0.05131312     
0.057          0.02202847     0.01673215     0.02103615     0.05068562     
0.058          0.02228518     0.0164861      0.02121598     0.05014937     
0.059          0.02236885     0.01628161     0.02157325     0.0494575      
0.06           0.02266939     0.01585388     0.02191869     0.0490475      
0.061          0.02288283     0.01544651     0.02251258     0.04815062     
0.062          0.02309458     0.01528437     0.02280656     0.04750749     
0.063          0.02343553     0.01483952     0.02323482     0.0463425      
0.064          0.02387209     0.01430018     0.02362226     0.04535437     
0.065          0.02431265     0.01421056     0.02432913     0.04478876     
0.066          0.0245631      0.01384555     0.02466748     0.04389688     
0.067          0.02490918     0.0135327      0.0251963      0.04259813     
0.068          0.02496894     0.01319622     0.02545538     0.04176687     
0.069          0.02571629     0.01302593     0.02603921     0.0412025      
0.07           0.02603846     0.01264056     0.02665556     0.04088125     
0.071          0.02644487     0.01264871     0.02688152     0.03981812     
0.072          0.02665262     0.01256155     0.02719267     0.0391325      
0.073          0.02668848     0.01265278     0.02764459     0.03925562     
0.074          0.0272258      0.01259169     0.02769665     0.0389975      
0.075          0.02711937     0.01300475     0.02761738     0.03880125     
0.076          0.0273533      0.01317015     0.02755468     0.03955375     
0.077          0.02730834     0.01354329     0.02695547     0.04047374     
0.078          0.02704195     0.01426188     0.0262912      0.04077375     
0.079          0.02682908     0.01487294     0.02595403     0.04224812     
0.08           0.02633672     0.01550273     0.0250632      0.04361813     
