current        in_1_ch_14_out_1in_1_ch_14_out_2in_1_ch_14_out_3in_1_ch_14_out_4
0.001          0.02484258     0.01889853     0.02200624     0.04684562     
0.002          0.02482209     0.01884882     0.02198553     0.04690187     
0.003          0.02481298     0.01883009     0.02197726     0.04724562     
0.004          0.0247811      0.01881624     0.02194708     0.04722874     
0.005          0.02478566     0.01885046     0.02198672     0.04750625     
0.006          0.0247293      0.01878691     0.02196956     0.0474525      
0.007          0.02474524     0.01882602     0.02196779     0.04717062     
0.008          0.02489266     0.01886593     0.02197903     0.04739187     
0.009          0.02484713     0.01887409     0.02204823     0.04723062     
0.01           0.0248181      0.01881298     0.02203286     0.04751374     
0.011          0.02480331     0.01878202     0.02200387     0.04754938     
0.012          0.02481583     0.01874862     0.02205652     0.04740749     
0.013          0.02455969     0.01867448     0.02204291     0.04742187     
0.014          0.02472874     0.01879424     0.02206953     0.04730438     
0.015          0.02463767     0.01880157     0.02207603     0.04740437     
0.016          0.02467068     0.0187421      0.0219879      0.04742688     
0.017          0.02455001     0.01874942     0.02203936     0.0474725      
0.018          0.02461661     0.01864515     0.02202043     0.04761624     
0.019          0.02444073     0.01872988     0.02198021     0.04765624     
0.02           0.02452269     0.01859952     0.02201748     0.04765375     
0.021          0.02456481     0.01862804     0.02204291     0.04766937     
0.022          0.02445609     0.01850257     0.02200801     0.04780375     
0.023          0.0245779      0.01844472     0.0220648      0.04778687     
0.024          0.02443674     0.0183608      0.02204055     0.04775562     
0.025          0.02444073     0.01829154     0.02199027     0.0476575      
0.026          0.02447204     0.01817097     0.02210562     0.04785        
0.027          0.02452042     0.01804795     0.02200032     0.04778625     
0.028          0.02438608     0.01802024     0.02198021     0.04822938     
0.029          0.02441909     0.01800313     0.02209201     0.04828062     
0.03           0.02448626     0.01796566     0.02206184     0.04822624     
0.031          0.02444584     0.01788826     0.02215353     0.04842937     
0.032          0.02447716     0.01787115     0.02212218     0.04838312     
0.033          0.02463027     0.01776687     0.0220021      0.04844562     
0.034          0.02456197     0.01767072     0.02211272     0.0485325      
0.035          0.02452611     0.01764221     0.02218488     0.04856688     
0.036          0.02442081     0.01760962     0.02215944     0.04856375     
0.037          0.02438039     0.0174866      0.02210562     0.04858187     
0.038          0.02440657     0.01725439     0.02211922     0.04858688     
0.039          0.02446406     0.01723973     0.02208314     0.04855124     
0.04           0.02444527     0.01721937     0.02208018     0.04867001     
0.041          0.02446293     0.01716316     0.02216891     0.0486125      
0.042          0.02456594     0.01702952     0.02216181     0.04857375     
0.043          0.02459725     0.01680547     0.02218842     0.04863562     
0.044          0.02456082     0.01681525     0.02235997     0.04873999     
0.045          0.02457676     0.01669386     0.02233926     0.04871999     
0.046          0.02449992     0.0165855      0.02242148     0.04863124     
0.047          0.02455571     0.01658388     0.02250134     0.04861812     
0.048          0.02463767     0.01649017     0.02227951     0.04848625     
0.049          0.02462628     0.01640056     0.02241202     0.04835625     
0.05           0.02483233     0.01630198     0.02243864     0.04805187     
0.051          0.0250657      0.01612844     0.02244633     0.04775249     
0.052          0.02504123     0.01627509     0.02255458     0.04767375     
0.053          0.02506001     0.01609666     0.02263147     0.04742812     
0.054          0.0250714      0.01609504     0.02270246     0.047465       
0.055          0.02511067     0.01590275     0.0227279      0.04709563     
0.056          0.02520232     0.01602415     0.02274328     0.04677562     
0.057          0.02531785     0.01573492     0.02280834     0.04663249     
0.058          0.02570718     0.01597201     0.02294616     0.04618063     
0.059          0.02583411     0.01616918     0.0229296      0.04602125     
0.06           0.02591835     0.01610807     0.02291658     0.0457225      
0.061          0.02585973     0.01613822     0.02304613     0.045415       
0.062          0.02612555     0.01630198     0.02309581     0.0450225      
0.063          0.02624735     0.01637041     0.02309581     0.04443063     
0.064          0.02658887     0.01641196     0.02298875     0.04404999     
0.065          0.02668735     0.0165855      0.02316857     0.04367813     
0.066          0.02679492     0.01675171     0.02310232     0.0433425      
0.067          0.02681428     0.01706048     0.02331231     0.04299312     
0.068          0.02727191     0.01727966     0.02328746     0.04249937     
0.069          0.02734249     0.01745075     0.02312125     0.04194312     
0.07           0.02741876     0.01776687     0.02318927     0.04151        
0.071          0.02733623     0.01812371     0.02311238     0.04143687     
0.072          0.02742729     0.0184325      0.02309817     0.04110875     
0.073          0.02746657     0.01877142     0.0231798      0.04089499     
0.074          0.02737892     0.01901747     0.02287163     0.0407775      
0.075          0.02695885     0.01947617     0.02288701     0.04107749     
0.076          0.02708578     0.01969453     0.0228391      0.04146187     
0.077          0.02693551     0.01987376     0.02274504     0.04156688     
0.078          0.0265735      0.02001308     0.02263561     0.0418575      
0.079          0.02626329     0.02007826     0.02247768     0.04262375     
0.08           0.02606066     0.01996012     0.02243627     0.04338749     
