current        in_1_ch_15_out_1in_1_ch_15_out_2in_1_ch_15_out_3in_1_ch_15_out_4
0.001          0.02470597     0.01886186     0.02194412     0.04726        
0.002          0.02470312     0.01896696     0.02197252     0.04730187     
0.003          0.02471451     0.01886838     0.02201748     0.04715312     
0.004          0.02475947     0.01889446     0.02198139     0.04720687     
0.005          0.02458018     0.01893764     0.02192815     0.047045       
0.006          0.02468149     0.01908103     0.02193585     0.04692687     
0.007          0.02459271     0.01906962     0.02195892     0.04702563     
0.008          0.02461432     0.01920405     0.02194354     0.0470375      
0.009          0.02461092     0.01924723     0.02189089     0.04701626     
0.01           0.02455571     0.01925212     0.02187433     0.04692875     
0.011          0.02463937     0.01959267     0.02184535     0.046895       
0.012          0.024661       0.0195552      0.02190213     0.04679187     
0.013          0.02471622     0.01971653     0.02187019     0.04658438     
0.014          0.02452781     0.01983303     0.02180749     0.04639938     
0.015          0.02445211     0.01993894     0.02188676     0.0464425      
0.016          0.02463596     0.01998457     0.02189148     0.04650813     
0.017          0.02461432     0.02006033     0.02173709     0.04630313     
0.018          0.02465474     0.02020373     0.02168564     0.04585563     
0.019          0.02450163     0.02043674     0.02165901     0.04586125     
0.02           0.02464621     0.02058665     0.02162294     0.04589999     
0.021          0.02459327     0.02066487     0.02155964     0.04586938     
0.022          0.0246388      0.02079359     0.02151113     0.04562187     
0.023          0.02453806     0.02085144     0.02135734     0.0455225      
0.024          0.02466555     0.0210266      0.02131061     0.04520062     
0.025          0.02461262     0.02105675     0.02124673     0.04513938     
0.026          0.02481583     0.02127754     0.02123136     0.04506313     
0.027          0.02496325     0.02144537     0.02116155     0.04467563     
0.028          0.02509929     0.02174113     0.02114794     0.04458313     
0.029          0.02509416     0.0219937      0.02112665     0.0443125      
0.03           0.02519491     0.02223811     0.02098824     0.04408312     
0.031          0.02539413     0.02236766     0.02097345     0.043935       
0.032          0.02547894     0.02283205     0.02096931     0.04336375     
0.033          0.02563432     0.02307322     0.02089478     0.04328625     
0.034          0.02589844     0.02336652     0.02086165     0.042885       
0.035          0.02595024     0.02351479     0.02075163     0.04235999     
0.036          0.02609936     0.02383091     0.02067592     0.04171563     
0.037          0.02624395     0.02425132     0.02057417     0.04144062     
0.038          0.02662303     0.02449493     0.02045113     0.04091688     
0.039          0.02670556     0.02470594     0.02028019     0.04062687     
0.04           0.02712107     0.02488192     0.02028256     0.03981688     
0.041          0.02745576     0.02539601     0.02021335     0.0392425      
0.042          0.02770051     0.02563148     0.02014237     0.03885188     
0.043          0.02824922     0.0259264      0.01995486     0.0380925      
0.044          0.02875864     0.0263851      0.0200081      0.03733625     
0.045          0.02909447     0.0267004      0.0198673      0.0369725      
0.046          0.02963237     0.02689349     0.01986081     0.03631        
0.047          0.02992038     0.02704748     0.01976025     0.0353525      
0.048          0.03069334     0.02755587     0.01963958     0.03464875     
0.049          0.03106105     0.0277123      0.01957215     0.03375437     
0.05           0.03174864     0.0278337      0.01958279     0.03281749     
0.051          0.03249257     0.02800153     0.019568       0.03192876     
0.052          0.03323822     0.02823536     0.01951891     0.03104313     
0.053          0.033989       0.02859059     0.01949939     0.03024624     
0.054          0.0346948      0.02886596     0.01946213     0.02932063     
0.055          0.03533685     0.02876331     0.01955735     0.02839312     
0.056          0.03595784     0.02867938     0.01965259     0.02748937     
0.057          0.03691808     0.02837712     0.01962124     0.02640063     
0.058          0.03767682     0.02824758     0.01983833     0.02574063     
0.059          0.03861258     0.02810011     0.0198543      0.02486188     
0.06           0.03947036     0.02802107     0.02002169     0.02406562     
0.061          0.04002361     0.02777423     0.02020448     0.0233725      
0.062          0.04091555     0.02722346     0.02045468     0.02267312     
0.063          0.04166916     0.02666047     0.02054163     0.0222825      
0.064          0.04244384     0.0257879      0.02073803     0.02164625     
0.065          0.04302613     0.02546527     0.02103496     0.02155874     
0.066          0.04324185     0.02462447     0.02131416     0.02148062     
0.067          0.04351335     0.0235425      0.02168386     0.0215975      
0.068          0.04363402     0.02246462     0.02196069     0.0220275      
0.069          0.04375527     0.0215407      0.02224403     0.02251375     
0.07           0.04352019     0.02059479     0.02263561     0.02323624     
0.071          0.04305687     0.01929366     0.02287636     0.02475812     
0.072          0.04250873     0.01825325     0.02328865     0.02611249     
0.073          0.04179267     0.0172821      0.02358914     0.02745812     
0.074          0.04055581     0.01600868     0.02385413     0.02944187     
0.075          0.03910038     0.01531615     0.0242268      0.03178563     
0.076          0.03753509     0.01431647     0.0243522      0.03379375     
0.077          0.0357296      0.0135001      0.02437941     0.03646313     
0.078          0.03389906     0.01317015     0.02445867     0.03878875     
0.079          0.03174238     0.01318562     0.02450008     0.0407875      
0.08           0.02976329     0.01337302     0.02432972     0.04275749     
