current        in_1_ch_7_out_1in_1_ch_7_out_2in_1_ch_7_out_3in_1_ch_7_out_4
0.001          0.02494788     0.01883091     0.0217584      0.0491325      
0.002          0.02499455     0.01879913     0.02170397     0.04889813     
0.003          0.02503042     0.01879749     0.02181517     0.04905874     
0.004          0.02495699     0.01881053     0.02178797     0.04896312     
0.005          0.02490633     0.01880564     0.02174064     0.04902687     
0.006          0.02490462     0.01879995     0.02183648     0.04894375     
0.007          0.02500764     0.01885046     0.02176786     0.04893062     
0.008          0.02509188     0.01883253     0.02178975     0.04884062     
0.009          0.0250936      0.01874128     0.0218069      0.04886875     
0.01           0.02507481     0.01879424     0.02171403     0.04886062     
0.011          0.02512035     0.01892296     0.02170574     0.04881437     
0.012          0.02508904     0.01885127     0.02167558     0.04875563     
0.013          0.02510213     0.01886106     0.02167558     0.04867125     
0.014          0.02516986     0.01888224     0.02176549     0.04867563     
0.015          0.0253133      0.01894496     0.02169096     0.04855499     
0.016          0.02534916     0.01905414     0.0217862      0.04853937     
0.017          0.02528883     0.0191405      0.02164008     0.04842063     
0.018          0.025319       0.01927248     0.02172645     0.04833375     
0.019          0.02525923     0.01931974     0.02145139     0.04811812     
0.02           0.02525126     0.01934744     0.02164778     0.04826062     
0.021          0.02528314     0.01938412     0.02147506     0.04804625     
0.022          0.02542031     0.01942402     0.02143543     0.04793812     
0.023          0.02539413     0.01942648     0.0213745      0.04779375     
0.024          0.02557343     0.01964971     0.02140349     0.04767687     
0.025          0.02551936     0.01971325     0.02140408     0.04750687     
0.026          0.02569011     0.01986398     0.02126684     0.04722        
0.027          0.02590356     0.01997561     0.02133368     0.04694562     
0.028          0.02606066     0.02005137     0.02149517     0.04681063     
0.029          0.02629972     0.02009701     0.02133664     0.04650563     
0.03           0.02614092     0.02034305     0.02143365     0.04619499     
0.031          0.02618531     0.02064532     0.0212834      0.04590062     
0.032          0.02616255     0.02095247     0.02126566     0.04560688     
0.033          0.02638396     0.02106816     0.02119705     0.04500438     
0.034          0.02636404     0.02114231     0.02114617     0.04444124     
0.035          0.02652626     0.02145026     0.02117338     0.04413938     
0.036          0.026664       0.02172891     0.02120414     0.04355062     
0.037          0.0266788      0.02208575     0.02116451     0.04298624     
0.038          0.02682566     0.02244342     0.0211308      0.04245062     
0.039          0.02696512     0.02287442     0.02107697     0.04181563     
0.04           0.02712392     0.0233543      0.02116155     0.04129563     
0.041          0.02721272     0.02390587     0.02112429     0.04057625     
0.042          0.02716092     0.02443951     0.02110713     0.03982937     
0.043          0.02700325     0.02495768     0.02110003     0.03882938     
0.044          0.02710685     0.02538623     0.02112725     0.03795125     
0.045          0.02725255     0.02571621     0.02117279     0.03697187     
0.046          0.02731573     0.02664826     0.02119527     0.03610063     
0.047          0.02746145     0.02734567     0.02121775     0.03506812     
0.048          0.02719848     0.02808871     0.02117219     0.0341125      
0.049          0.02716262     0.02903298     0.02121656     0.03298374     
0.05           0.02692982     0.02951938     0.02127808     0.03177437     
0.051          0.0269486      0.03020293     0.02127217     0.03052812     
0.052          0.02690364     0.0310193      0.02137627     0.02929562     
0.053          0.02680972     0.03186988     0.02144726     0.02809562     
0.054          0.02687517     0.03303901     0.02144016     0.02680312     
0.055          0.02667084     0.03380894     0.02159159     0.02578562     
0.056          0.0264386      0.03450227     0.02173888     0.0246625      
0.057          0.02616255     0.03522902     0.02194531     0.02321188     
0.058          0.02596845     0.03601361     0.02203936     0.0223025      
0.059          0.02579655     0.03663607     0.02205829     0.02132687     
0.06           0.02536908     0.03729436     0.02208905     0.02028        
0.061          0.02500025     0.03788749     0.02230969     0.01966125     
0.062          0.0247572      0.03830301     0.02254097     0.01910062     
0.063          0.0244948      0.03863623     0.02273677     0.01879562     
0.064          0.02422784     0.03910226     0.02279473     0.01869312     
0.065          0.02369565     0.0389165      0.02284265     0.01879938     
0.066          0.02338885     0.03856942     0.02296035     0.0189725      
0.067          0.02297049     0.03804636     0.0234105      0.01977562     
0.068          0.02260564     0.03741658     0.02345546     0.02085563     
0.069          0.02226013     0.03635417     0.02351166     0.02232938     
0.07           0.02203643     0.03551335     0.02354241     0.02398688     
0.071          0.02188504     0.0338448      0.02358795     0.02642625     
0.072          0.02176607     0.0323416      0.02348858     0.02882563     
0.073          0.02157254     0.03058261     0.02355483     0.03118812     
0.074          0.02174159     0.02821987     0.02360393     0.03450499     
0.075          0.02183267     0.02608609     0.02344245     0.0373225      
0.076          0.02202278     0.02445011     0.02325848     0.04029312     
0.077          0.02265971     0.02220552     0.02300827     0.04322312     
0.078          0.02297505     0.02046118     0.02273381     0.04575875     
0.079          0.02402578     0.01953157     0.02255398     0.04763875     
0.08           0.02443561     0.01864106     0.02213637     0.04820188     
