current        in_1_ch_6_out_1in_1_ch_6_out_2in_1_ch_6_out_3in_1_ch_6_out_4
0.001          0.02476176     0.01879588     0.02179329     0.04933062     
0.002          0.02480159     0.01881217     0.02180217     0.04937624     
0.003          0.02471508     0.01883009     0.02181163     0.049255       
0.004          0.02493877     0.01880484     0.02167322     0.04898438     
0.005          0.02480273     0.01887653     0.0218063      0.04916187     
0.006          0.02490405     0.01899303     0.02183588     0.04923937     
0.007          0.02497179     0.01889853     0.02173947     0.04915812     
0.008          0.02493365     0.01895638     0.02185896     0.04909063     
0.009          0.0249365      0.01902643     0.02182878     0.048045       
0.01           0.02491315     0.0191014      0.02186191     0.04868625     
0.011          0.02489494     0.01911198     0.02192815     0.04860562     
0.012          0.02494731     0.0190908      0.02182761     0.04841062     
0.013          0.02497349     0.01922197     0.0219317      0.04846312     
0.014          0.02501902     0.01942973     0.0218767      0.0484175      
0.015          0.02498032     0.01961875     0.02192283     0.04841312     
0.016          0.02503042     0.0195112      0.02193762     0.04824563     
0.017          0.0250122      0.01974747     0.02188971     0.04807625     
0.018          0.02496382     0.01978985     0.02192638     0.04798499     
0.019          0.02519491     0.01986887     0.02185717     0.04785        
0.02           0.02519605     0.01982487     0.02199027     0.04763312     
0.021          0.02514141     0.0198599      0.02187138     0.04746        
0.022          0.02517784     0.01988354     0.02189444     0.04740688     
0.023          0.02518865     0.01992754     0.02185185     0.04710375     
0.024          0.02545047     0.01994301     0.02191751     0.04692625     
0.025          0.0258142      0.02007663     0.02189031     0.04670562     
0.026          0.02592975     0.02005952     0.02192402     0.04611687     
0.027          0.0260635      0.02024853     0.02196484     0.0459275      
0.028          0.0261227      0.02028356     0.02201925     0.04568937     
0.029          0.0264682      0.02040171     0.02199263     0.04548937     
0.03           0.02663328     0.02045222     0.0219944      0.04495125     
0.031          0.02673516     0.02059887     0.02203996     0.04452875     
0.032          0.02686037     0.02069012     0.02199914     0.04426125     
0.033          0.02744779     0.02061028     0.0219879      0.04369625     
0.034          0.02747056     0.02079197     0.02195892     0.04325875     
0.035          0.0278115      0.0208213      0.02197726     0.04265499     
0.036          0.02825832     0.02091662     0.02202754     0.04239812     
0.037          0.02879564     0.02091824     0.02203109     0.04158375     
0.038          0.02921799     0.02098587     0.0219737      0.04097313     
0.039          0.02971034     0.02104942     0.02204351     0.04050687     
0.04           0.03009569     0.02108934     0.02202575     0.039845       
0.041          0.03057267     0.02111949     0.02206657     0.03908375     
0.042          0.03100128     0.02107956     0.02205355     0.03824437     
0.043          0.0317196      0.02113904     0.02203641     0.03752313     
0.044          0.03245671     0.02114231     0.0220293      0.03681125     
0.045          0.03323482     0.02111704     0.02196128     0.03600251     
0.046          0.03394744     0.02102906     0.02198553     0.03518313     
0.047          0.03462309     0.02091255     0.02203109     0.03413875     
0.048          0.0351974      0.02091498     0.02201984     0.03315876     
0.049          0.03594134     0.02095655     0.02194708     0.03236001     
0.05           0.03706494     0.02073168     0.02188616     0.031195       
0.051          0.0381151      0.02042778     0.02181932     0.03019062     
0.052          0.0392182      0.0201972      0.02182227     0.02928        
0.053          0.04006573     0.02002123     0.02173888     0.02828125     
0.054          0.04090587     0.01992508     0.02169923     0.02746688     
0.055          0.0416982      0.01975236     0.02161169     0.02670624     
0.056          0.04275121     0.0192513      0.02142773     0.02586938     
0.057          0.04401938     0.01872092     0.02123904     0.02494563     
0.058          0.04428348     0.01849523     0.02115681     0.02407875     
0.059          0.04625291     0.01787196     0.02111659     0.0235825      
0.06           0.04707426     0.01763894     0.02100066     0.02314062     
0.061          0.04709588     0.01696354     0.02077293     0.02278125     
0.062          0.04912052     0.01649914     0.02059133     0.02226937     
0.063          0.04986388     0.01613822     0.02055998     0.0221925      
0.064          0.0501092      0.01542125     0.02034289     0.02224438     
0.065          0.05054692     0.01497885     0.02025771     0.02245687     
0.066          0.05083209     0.01433521     0.02022755     0.02293376     
0.067          0.05076891     0.01380564     0.02007907     0.02374687     
0.068          0.05041657     0.01323451     0.0200004      0.02483125     
0.069          0.04992934     0.01295506     0.01977503     0.0261075      
0.07           0.04946317     0.01244584     0.01978509     0.02740625     
0.071          0.04803961     0.01222097     0.01974841     0.02930437     
0.072          0.04649936     0.012023       0.01978214     0.03148562     
0.073          0.04498017     0.01199693     0.01982708     0.03372188     
0.074          0.04272616     0.01207921     0.01992054     0.0363025      
0.075          0.04027577     0.01223565     0.020056       0.03848688     
0.076          0.03790621     0.01274323     0.02019087     0.04147        
0.077          0.03496175     0.01336487     0.02033934     0.04355125     
0.078          0.03232581     0.01418856     0.02061854     0.04595563     
0.079          0.03033817     0.01525586     0.02101959     0.04772687     
0.08           0.02839095     0.01594675     0.02122247     0.04873313     
