current        in_2_ch_16_out_1in_2_ch_16_out_2in_2_ch_16_out_3in_2_ch_16_out_4
0.001          0.04345701     0.03133461     0.03371298     0.02859874     
0.002          0.04352475     0.03139326     0.0337881      0.02863126     
0.003          0.0435532      0.03145599     0.03405545     0.02869437     
0.004          0.0434109      0.03139651     0.03420333     0.0286925      
0.005          0.04338814     0.03132401     0.03396318     0.02871937     
0.006          0.04330161     0.03140955     0.03421813     0.02865375     
0.007          0.04309273     0.03135497     0.0342057      0.02873688     
0.008          0.04309785     0.03135008     0.03408444     0.02869625     
0.009          0.04288156     0.03138755     0.03418619     0.02870375     
0.01           0.04308817     0.03137044     0.03463633     0.02867499     
0.011          0.04253206     0.03124661     0.03448904     0.0287325      
0.012          0.04244213     0.03123194     0.03459729     0.02874749     
0.013          0.04223153     0.03126046     0.03471085     0.02892188     
0.014          0.0420158      0.03121157     0.03459433     0.02898251     
0.015          0.04185415     0.03129793     0.03468897     0.02894375     
0.016          0.04158549     0.03124824     0.03479899     0.02900375     
0.017          0.04124682     0.03114232     0.03506104     0.02907687     
0.018          0.04102768     0.03106818     0.03511368     0.02921438     
0.019          0.0408757      0.03113661     0.03516869     0.02919688     
0.02           0.04046873     0.03095493     0.03520537     0.02927937     
0.021          0.04026552     0.03115047     0.03511664     0.02922688     
0.022          0.04010273     0.03099485     0.03515509     0.02935        
0.023          0.03984602     0.03104618     0.03526629     0.02936688     
0.024          0.03951134     0.03089302     0.03522666     0.02946999     
0.025          0.03906167     0.03073088     0.03524736     0.02959624     
0.026          0.03857558     0.03087673     0.0354964      0.02998625     
0.027          0.03823919     0.03071051     0.03533432     0.03008875     
0.028          0.03807696     0.03054105     0.03543488     0.03028562     
0.029          0.03717308     0.03034389     0.0355035      0.03060812     
0.03           0.03736831     0.03018745     0.0359004      0.03100063     
0.031          0.03620943     0.0301296      0.03586787     0.03119062     
0.032          0.03555543     0.02993408     0.0359702      0.03168749     
0.033          0.03501582     0.02953893     0.03604651     0.03211688     
0.034          0.03451437     0.0292611      0.03599149     0.03273562     
0.035          0.03390874     0.0290949      0.03603231     0.0330825      
0.036          0.03322058     0.02905254     0.03617723     0.03363188     
0.037          0.03264625     0.02864028     0.03609679     0.0340525      
0.038          0.03221652     0.02847895     0.03592584     0.03454562     
0.039          0.03143672     0.02802353     0.03584125     0.03525938     
0.04           0.03075197     0.02779622     0.03579097     0.03585062     
0.041          0.03007292     0.02746054     0.03541062     0.0368275      
0.042          0.02934663     0.02697415     0.03546268     0.03758812     
0.043          0.02845071     0.02661567     0.03545498     0.03859625     
0.044          0.02773238     0.02593862     0.03531066     0.03973874     
0.045          0.02705277     0.02563717     0.03524678     0.04082562     
0.046          0.02635322     0.02482896     0.03511191     0.04168938     
0.047          0.0257345      0.02438249     0.03457777     0.04285562     
0.048          0.02503724     0.02365168     0.03433169     0.044045       
0.049          0.02440145     0.02325245     0.03380643     0.04500312     
0.05           0.02375085     0.02233098     0.03325927     0.04670499     
0.051          0.02317427     0.02199288     0.03284048     0.04808875     
0.052          0.02261474     0.02127836     0.03252579     0.04951562     
0.053          0.02211727     0.02065916     0.03208689     0.05107999     
0.054          0.02175981     0.01982896     0.03148887     0.05290188     
0.055          0.02158165     0.01885046     0.03097601     0.05420375     
0.056          0.02129535     0.01807402     0.03009702     0.05556375     
0.057          0.021202       0.01755911     0.02925943     0.0572425      
0.058          0.0212259      0.01658388     0.0284668      0.05865687     
0.059          0.02162548     0.01631094     0.02775284     0.0604425      
0.06           0.02197041     0.01544325     0.02698504     0.06195937     
0.061          0.02198066     0.01484442     0.02610427     0.06340937     
0.062          0.02341958     0.01437106     0.02527438     0.06446937     
0.063          0.0243377      0.01401095     0.02442318     0.06535126     
0.064          0.02429728     0.01347649     0.02354773     0.06623938     
0.065          0.02687177     0.01324347     0.02283437     0.06714126     
0.066          0.0283511      0.01313186     0.02217482     0.06755438     
0.067          0.03067514     0.01310904     0.02139875     0.06725562     
0.068          0.03290525     0.01326058     0.02100421     0.0665625      
0.069          0.03482116     0.01391073     0.02055465     0.06574437     
0.07           0.03489003     0.01444521     0.02025831     0.06472375     
0.071          0.03985627     0.01539193     0.02031686     0.06274188     
0.072          0.04231178     0.01652521     0.02038785     0.06004062     
0.073          0.0443996      0.01753385     0.02087053     0.05726312     
0.074          0.04680046     0.01898978     0.02139047     0.05411312     
0.075          0.04844202     0.02041231     0.02210738     0.0507475      
0.076          0.05028282     0.02212324     0.02349154     0.04706875     
0.077          0.05174394     0.02404763     0.0249378      0.04269688     
0.078          0.05215718     0.02560134     0.02624743     0.039015       
0.079          0.05189876     0.02680387     0.02786049     0.0355875      
0.08           0.05074159     0.02859302     0.02999941     0.03260937     
