current        in_2_ch_7_out_1in_2_ch_7_out_2in_2_ch_7_out_3in_2_ch_7_out_4
0.001          0.04516687     0.03166945     0.03351422     0.02868438     
0.002          0.04516858     0.03165723     0.0335296      0.02864        
0.003          0.04518623     0.03173056     0.03341307     0.02861813     
0.004          0.0450684      0.03158635     0.03356035     0.0287025      
0.005          0.0451498      0.03178107     0.03334682     0.02860562     
0.006          0.0451572      0.03185358     0.03361714     0.02851062     
0.007          0.04512988     0.03176803     0.03366565     0.02868438     
0.008          0.04532112     0.0315448      0.03369109     0.02859874     
0.009          0.04533878     0.03163767     0.03363075     0.02848687     
0.01           0.04517257     0.03179656     0.03376383     0.02843062     
0.011          0.04537406     0.03173952     0.03363962     0.02846875     
0.012          0.04529267     0.03166863     0.03363192     0.0283425      
0.013          0.0455932      0.03183403     0.03395076     0.02828374     
0.014          0.04537634     0.03153502     0.03381175     0.02821938     
0.015          0.04518907     0.03154073     0.03395785     0.02812063     
0.016          0.04547822     0.03164094     0.03410811     0.02814562     
0.017          0.04565752     0.03161405     0.03387031     0.0278575      
0.018          0.04561028     0.03151384     0.03406136     0.02765        
0.019          0.04567688     0.03146822     0.03389634     0.02750562     
0.02           0.0459905      0.03156109     0.03384784     0.02735375     
0.021          0.04607872     0.03140059     0.033697       0.02713563     
0.022          0.04616809     0.0313175      0.03358343     0.02681063     
0.023          0.04626371     0.03125557     0.03363903     0.02658626     
0.024          0.04653749     0.03128164     0.03359704     0.02635375     
0.025          0.04664735     0.03130526     0.03359171     0.02601875     
0.026          0.04696155     0.03124172     0.03363371     0.02592563     
0.027          0.04709929     0.03111054     0.03380347     0.02579        
0.028          0.0474078      0.03084169     0.03381707     0.02565125     
0.029          0.04754783     0.0306649      0.03371651     0.02528875     
0.03           0.04789959     0.03039358     0.03370647     0.02505187     
0.031          0.04810506     0.03040172     0.03390876     0.02489251     
0.032          0.0488177      0.03023634     0.03397501     0.02474938     
0.033          0.04929924     0.03002369     0.03404245     0.02431624     
0.034          0.05007619     0.0299577      0.03374137     0.02411062     
0.035          0.05067385     0.02961714     0.03358934     0.02369563     
0.036          0.05119181     0.0293157      0.03360236     0.02346751     
0.037          0.05195625     0.02908676     0.03359053     0.02320813     
0.038          0.05250552     0.02878856     0.03362897     0.02310312     
0.039          0.05300983     0.02803656     0.03354734     0.02267937     
0.04           0.05395185     0.02785324     0.03354083     0.0225225      
0.041          0.05495421     0.02730249     0.03356922     0.02251812     
0.042          0.05618822     0.0268495      0.03326342     0.02241001     
0.043          0.05730556     0.02630526     0.03316167     0.02229562     
0.044          0.05871147     0.0259044      0.03307649     0.02224313     
0.045          0.05971325     0.02553288     0.03279967     0.02220625     
0.046          0.06081352     0.02493732     0.03256838     0.02197875     
0.047          0.06245907     0.0245218      0.03267427     0.02190625     
0.048          0.06375284     0.02364353     0.03244357     0.02193125     
0.049          0.06540351     0.02299582     0.03215965     0.0221425      
0.05           0.06724259     0.022265       0.03161781     0.02236625     
0.051          0.06895359     0.02181038     0.0311866      0.02252375     
0.052          0.07062247     0.02116756     0.03125817     0.02263125     
0.053          0.07180241     0.02059154     0.03094111     0.02290187     
0.054          0.07366426     0.01992672     0.03080212     0.02323188     
0.055          0.07509977     0.01893925     0.03022065     0.02390187     
0.056          0.07750235     0.01826547     0.0296522      0.02442062     
0.057          0.07929647     0.01752082     0.02924464     0.0250825      
0.058          0.08050486     0.01682747     0.02886134     0.02578437     
0.059          0.0816979      0.0163419      0.0285851      0.026625       
0.06           0.08334914     0.01559316     0.0279084      0.0276025      
0.061          0.08420977     0.01499759     0.02756414     0.02876        
0.062          0.0851239      0.01460408     0.02712346     0.02981625     
0.063          0.08547225     0.01424641     0.0268839      0.03088625     
0.064          0.08570732     0.01400524     0.02649054     0.03190875     
0.065          0.08559462     0.01368506     0.02614745     0.03348124     
0.066          0.08494516     0.01367121     0.02603506     0.03465688     
0.067          0.08379482     0.01406309     0.02594042     0.03625562     
0.068          0.0820138      0.01431647     0.02576356     0.0370875      
0.069          0.08020775     0.0151589      0.02561804     0.03797812     
0.07           0.0777158      0.01591824     0.02585821     0.03913562     
0.071          0.07443096     0.01670935     0.02601554     0.039955       
0.072          0.07161117     0.01788092     0.02608179     0.04022562     
0.073          0.06813396     0.01980451     0.02649586     0.04068251     
0.074          0.06367031     0.02122785     0.0271205      0.04068687     
0.075          0.06009234     0.0225078      0.02769486     0.03995938     
0.076          0.06008722     0.0244664      0.02829052     0.03895999     
0.077          0.05247422     0.0261138      0.02922631     0.03791687     
0.078          0.04983713     0.02721042     0.0299728      0.0361475      
0.079          0.04763434     0.02886107     0.03062939     0.03376        
0.08           0.04659385     0.02952589     0.03152435     0.03166688     
