current        in_2_ch_10_out_1in_2_ch_10_out_2in_2_ch_10_out_3in_2_ch_10_out_4
0.001          0.04457434     0.03167352     0.03306585     0.0285925      
0.002          0.04456808     0.03190817     0.03305934     0.02862375     
0.003          0.04465062     0.03189595     0.0332859      0.02860813     
0.004          0.04458288     0.03180307     0.03298363     0.02858937     
0.005          0.04471493     0.03200594     0.03318297     0.0286175      
0.006          0.04441895     0.03205889     0.03293335     0.02873437     
0.007          0.04442464     0.03243205     0.03317409     0.02877812     
0.008          0.0441133      0.03245323     0.03307591     0.02874187     
0.009          0.04433358     0.03244427     0.03274288     0.02864126     
0.01           0.04419127     0.03262268     0.03315931     0.02868124     
0.011          0.04402905     0.03294287     0.03294281     0.02863625     
0.012          0.04404328     0.03329321     0.03288957     0.02877375     
0.013          0.04377747     0.03348549     0.03273697     0.02866438     
0.014          0.0435532      0.0336794      0.03272927     0.02880437     
0.015          0.04348148     0.03388878     0.03264528     0.02887875     
0.016          0.04326121     0.03441022     0.03260742     0.0288975      
0.017          0.0432242      0.03452834     0.03253881     0.02875812     
0.018          0.0428992      0.03514672     0.03232291     0.028785       
0.019          0.04287529     0.03522331     0.03212889     0.02885812     
0.02           0.04265899     0.03589221     0.03196917     0.02876375     
0.021          0.04246603     0.03626209     0.03187216     0.02884062     
0.022          0.0421803      0.03661732     0.03148472     0.02861187     
0.023          0.04184959     0.03741169     0.03127829     0.02847        
0.024          0.04165721     0.03816858     0.03104403     0.02850562     
0.025          0.04141758     0.03870303     0.03089675     0.02838188     
0.026          0.0412417      0.03941756     0.03084589     0.02839125     
0.027          0.04088196     0.0404205      0.03065896     0.0283725      
0.028          0.04049719     0.04136558     0.03030228     0.02835875     
0.029          0.04021657     0.04234814     0.03016918     0.02829938     
0.03           0.03963657     0.0429926      0.0298959      0.02825125     
0.031          0.03936107     0.04405257     0.02957884     0.02835687     
0.032          0.03867234     0.04507669     0.02955578     0.02826437     
0.033          0.03796255     0.04631589     0.02913994     0.02817875     
0.034          0.03763071     0.04757627     0.02881816     0.02801438     
0.035          0.03712812     0.04877312     0.02854369     0.02782875     
0.036          0.0372448      0.05000663     0.0282148      0.02764        
0.037          0.03627433     0.0520068      0.02790722     0.027555       
0.038          0.03561689     0.05340894     0.02762625     0.02723687     
0.039          0.03521277     0.05528284     0.02727253     0.02713313     
0.04           0.03451949     0.05734004     0.0269117      0.02698625     
0.041          0.03384271     0.05875115     0.02650591     0.02677625     
0.042          0.03306632     0.06084501     0.02648581     0.02673876     
0.043          0.03226433     0.0624036      0.02614804     0.02672312     
0.044          0.03160407     0.06423348     0.0257263      0.02654062     
0.045          0.03083109     0.06602427     0.02539208     0.02630562     
0.046          0.02996363     0.06894834     0.02524954     0.02603437     
0.047          0.02922255     0.07132164     0.02498334     0.02578812     
0.048          0.02843535     0.07366971     0.02461543     0.02525562     
0.049          0.02861407     0.07596806     0.02448233     0.02490687     
0.05           0.02685355     0.07823464     0.0243528      0.02464937     
0.051          0.02595763     0.08072529     0.02401918     0.02423687     
0.052          0.02598894     0.08314423     0.02392868     0.02397688     
0.053          0.02437071     0.08535215     0.02365125     0.02367938     
0.054          0.02383055     0.08824608     0.02363706     0.0231775      
0.055          0.02315264     0.0903652      0.02363528     0.02272562     
0.056          0.02265744     0.0924053      0.02377547     0.02232124     
0.057          0.02256636     0.09459284     0.02380504     0.02185687     
0.058          0.0213961      0.09630296     0.02392512     0.02153813     
0.059          0.02114281     0.09746315     0.02419781     0.02114124     
0.06           0.0210062      0.09911543     0.02455036     0.02063125     
0.061          0.0208878      0.0992743      0.02507799     0.02019312     
0.062          0.02092935     0.09995297     0.02535186     0.01977438     
0.063          0.02103694     0.1001061      0.02589843     0.01956812     
0.064          0.02150709     0.0997949      0.0267792      0.01912438     
0.065          0.02196814     0.09896958     0.0275322      0.01903437     
0.066          0.022806       0.09761469     0.02847745     0.0188         
0.067          0.02281509     0.09596404     0.02953507     0.01869063     
0.068          0.02513003     0.09299433     0.03043419     0.01869562     
0.069          0.02652341     0.08960831     0.03167046     0.0187375      
0.07           0.02825206     0.08537008     0.03275116     0.01881812     
0.071          0.03064269     0.0801509      0.03439973     0.01908188     
0.072          0.03285345     0.07482908     0.03522075     0.01941        
0.073          0.03497655     0.06895649     0.03609265     0.01993063     
0.074          0.03724936     0.06132245     0.03756434     0.02066313     
0.075          0.03972763     0.05480785     0.03815645     0.02142687     
0.076          0.04218941     0.04847738     0.03854153     0.02218375     
0.077          0.04443546     0.04131588     0.03923242     0.02311312     
0.078          0.04433243     0.03525916     0.03940278     0.02409938     
0.079          0.04780282     0.03036589     0.03849775     0.02513375     
0.08           0.04888771     0.02685601     0.03836939     0.02596687     
