current        in_2_ch_11_out_1in_2_ch_11_out_2in_2_ch_11_out_3in_2_ch_11_out_4
0.001          0.04433186     0.03151791     0.03325395     0.02862562     
0.002          0.04439391     0.03148125     0.03305461     0.02872751     
0.003          0.04443944     0.03142015     0.03322379     0.02856375     
0.004          0.04442977     0.03165478     0.03329596     0.02865499     
0.005          0.04470184     0.03144459     0.03341898     0.02870562     
0.006          0.04475932     0.03166213     0.03351007     0.02862438     
0.007          0.04431764     0.03142504     0.03361714     0.02869937     
0.008          0.04417077     0.03145273     0.0335645      0.02863313     
0.009          0.04421461     0.03138348     0.0337526      0.02873625     
0.01           0.04424705     0.0313289      0.03373486     0.02878812     
0.011          0.04438366     0.03139244     0.03387623     0.02873625     
0.012          0.04421746     0.03137941     0.03378691     0.02885374     
0.013          0.04413606     0.03123928     0.03388273     0.02880125     
0.014          0.04429259     0.03121972     0.03402765     0.02875187     
0.015          0.04408142     0.03127268     0.03389161     0.0286675      
0.016          0.04418387     0.03120668     0.03412704     0.02882563     
0.017          0.04400172     0.03127919     0.03415365     0.02876938     
0.018          0.04411443     0.03099485     0.03427964     0.02879625     
0.019          0.04397327     0.03112765     0.03422167     0.02854        
0.02           0.04405409     0.030959       0.03427018     0.02856187     
0.021          0.04377747     0.03112521     0.03430389     0.02858813     
0.022          0.04371486     0.03107632     0.03448312     0.0285075      
0.023          0.04377917     0.03102418     0.03447543     0.02843188     
0.024          0.04362492     0.03100138     0.03453814     0.02834125     
0.025          0.04355662     0.03093374     0.03486407     0.02829687     
0.026          0.04346554     0.03078873     0.03475167     0.0283875      
0.027          0.043387       0.03079687     0.03496758     0.02838938     
0.028          0.04315818     0.03079198     0.03516277     0.02839563     
0.029          0.04295384     0.0306543      0.03540175     0.02848562     
0.03           0.0426129      0.03074555     0.0354408      0.02853        
0.031          0.04248312     0.03062171     0.03585782     0.02848937     
0.032          0.04221843     0.03057037     0.03585899     0.02860562     
0.033          0.04183764     0.03071784     0.03618019     0.0285775      
0.034          0.04155362     0.03083516     0.036166       0.02866375     
0.035          0.04120185     0.03086369     0.0360749      0.02844312     
0.036          0.04087684     0.03101522     0.03644341     0.02848062     
0.037          0.04038221     0.03113661     0.03653865     0.028435       
0.038          0.0402217      0.0312849      0.03680009     0.02845875     
0.039          0.03973446     0.03136555     0.03693792     0.02847625     
0.04           0.03923414     0.03142504     0.03706215     0.02866124     
0.041          0.03857899     0.03150569     0.0376158      0.02898812     
0.042          0.03795516     0.03157087     0.0380624      0.02911249     
0.043          0.03727838     0.0320149      0.03777669     0.02921        
0.044          0.036683       0.03234813     0.03822802     0.02923375     
0.045          0.03607225     0.03260232     0.03797131     0.02911562     
0.046          0.03543988     0.03287037     0.03841612     0.029095       
0.047          0.03460487     0.03356615     0.0384321      0.02908125     
0.048          0.03392069     0.03376494     0.03880239     0.02927688     
0.049          0.03307088     0.03407617     0.03915907     0.02941        
0.05           0.03202698     0.03444362     0.03913363     0.02963        
0.051          0.03148909     0.03488682     0.03905497     0.02974        
0.052          0.03042355     0.03540256     0.03881363     0.02990812     
0.053          0.02970295     0.03592236     0.03896801     0.03000625     
0.054          0.02852813     0.03678434     0.03916617     0.03005437     
0.055          0.02765555     0.03715831     0.03911767     0.0303         
0.056          0.02675964     0.03782149     0.03925727     0.03053313     
0.057          0.02594512     0.03830708     0.038955       0.03069875     
0.058          0.02516304     0.03913729     0.03874974     0.03094312     
0.059          0.02435933     0.03986077     0.03851551     0.03103499     
0.06           0.02451244     0.04084741     0.03850958     0.03114562     
0.061          0.02323232     0.04164096     0.03842441     0.03148063     
0.062          0.02262555     0.04244021     0.03797307     0.03162938     
0.063          0.02203074     0.04301298     0.03758387     0.03182999     
0.064          0.02187251     0.04400939     0.03681252     0.03192563     
0.065          0.02189528     0.04497729     0.03604947     0.03199687     
0.066          0.02198236     0.04549789     0.03586018     0.03221751     
0.067          0.02258401     0.04558264     0.03507642     0.03254        
0.068          0.02302229     0.04587105     0.03428851     0.032585       
0.069          0.02417434     0.04616191     0.03376088     0.03249875     
0.07           0.02511808     0.04626945     0.03302267     0.03259375     
0.071          0.02684216     0.04568692     0.03226316     0.03253937     
0.072          0.02861407     0.04508647     0.03142262     0.03202062     
0.073          0.03042241     0.04522497     0.03091272     0.03184437     
0.074          0.03293257     0.04399228     0.03026501     0.031705       
0.075          0.03517805     0.04240436     0.02968178     0.03118938     
0.076          0.0373222      0.04110568     0.02949604     0.03059812     
0.077          0.03986311     0.03999438     0.02927895     0.030115       
0.078          0.042001       0.03822479     0.02953449     0.0296475      
0.079          0.04380536     0.03597123     0.02986101     0.02928812     
0.08           0.04508946     0.03488275     0.03042472     0.02860375     
