current        in_2_ch_9_out_1in_2_ch_9_out_2in_2_ch_9_out_3in_2_ch_9_out_4
0.001          0.04467623     0.0314283      0.0325394      0.02859438     
0.002          0.04481227     0.03135333     0.03262576     0.02855438     
0.003          0.04476446     0.03141688     0.03256484     0.02847937     
0.004          0.04490107     0.03127186     0.03269556     0.02846249     
0.005          0.04501263     0.03129143     0.03269142     0.02853249     
0.006          0.04493692     0.03130526     0.03266006     0.0284475      
0.007          0.04503197     0.03129061     0.03273697     0.0284875      
0.008          0.04493408     0.03131422     0.0328186      0.02848937     
0.009          0.04500068     0.03114232     0.03267427     0.0286075      
0.01           0.04528129     0.0309802      0.03281741     0.028495       
0.011          0.04515379     0.03098427     0.0329014      0.02847375     
0.012          0.0451589      0.03079687     0.03297297     0.02842875     
0.013          0.04526023     0.03067384     0.03277719     0.0283875      
0.014          0.04540139     0.03054023     0.0328387      0.02842        
0.015          0.04551465     0.03047017     0.03300196     0.028385       
0.016          0.0455767      0.03024692     0.03318947     0.02837312     
0.017          0.04586699     0.03021516     0.03313801     0.02843312     
0.018          0.04588805     0.03008642     0.03316405     0.02840125     
0.019          0.04603206     0.0301516      0.03334386     0.02839813     
0.02           0.04633772     0.02993001     0.03336398     0.02825625     
0.021          0.0464766      0.02956011     0.03347813     0.02825812     
0.022          0.04671907     0.02943709     0.03334919     0.02804499     
0.023          0.04685795     0.02925459     0.03342076     0.02793        
0.024          0.04706742     0.02912261     0.03330009     0.02771188     
0.025          0.04748066     0.02907208     0.03356864     0.02777375     
0.026          0.04756717     0.02888714     0.03353256     0.027735       
0.027          0.04787056     0.0286248      0.03353079     0.02779624     
0.028          0.0481489      0.0282541      0.03345033     0.02788937     
0.029          0.04817223     0.02787442     0.03353966     0.02784188     
0.03           0.04848871     0.02792088     0.03371179     0.0280225      
0.031          0.04856441     0.02735382     0.03367925     0.02806688     
0.032          0.04887974     0.0270817      0.03399275     0.028195       
0.033          0.04900098     0.02682832     0.03361418     0.02834875     
0.034          0.04926509     0.02674114     0.03384961     0.02834563     
0.035          0.04976711     0.02649671     0.0337455      0.02834875     
0.036          0.05008587     0.0264951      0.03356982     0.02827062     
0.037          0.05015417     0.02609261     0.0335716      0.02841875     
0.038          0.05059986     0.02574879     0.03358934     0.02856        
0.039          0.05129256     0.02568117     0.03359053     0.0287725      
0.04           0.05137795     0.0254009      0.03354202     0.0292725      
0.041          0.0514138      0.02532922     0.03345033     0.02944938     
0.042          0.05194316     0.02486725     0.03341426     0.03           
0.043          0.05217368     0.02471816     0.03324213     0.0302575      
0.044          0.05232339     0.02462365     0.03290791     0.0305825      
0.045          0.05296943     0.02462447     0.03255951     0.03098625     
0.046          0.05326085     0.02457151     0.03239329     0.03109313     
0.047          0.05360065     0.0246204      0.03215846     0.03163187     
0.048          0.0537162      0.02460736     0.03187749     0.03220875     
0.049          0.05387045     0.02457069     0.03182011     0.03303312     
0.05           0.05389493     0.02450876     0.03169116     0.03370937     
0.051          0.05404919     0.02454298     0.03131318     0.03445375     
0.052          0.05450511     0.02496664     0.03097897     0.03512063     
0.053          0.05447665     0.0252184      0.03051049     0.0355375      
0.054          0.05451706     0.02547341     0.02978647     0.03651875     
0.055          0.05446811     0.02567466     0.02943866     0.03734499     
0.056          0.05427345     0.02600462     0.02922099     0.0383775      
0.057          0.05435029     0.02668493     0.02867915     0.03973187     
0.058          0.0543594      0.02711755     0.02841592     0.0406875      
0.059          0.05403951     0.02806425     0.02773095     0.04148562     
0.06           0.05364277     0.02910957     0.02701994     0.04241062     
0.061          0.05293527     0.02989741     0.02633023     0.04359937     
0.062          0.05233192     0.03061275     0.02602974     0.04492125     
0.063          0.05215774     0.03166945     0.02538026     0.046035       
0.064          0.05150374     0.03304391     0.02478341     0.04690812     
0.065          0.0506693      0.03392381     0.02422325     0.04771188     
0.066          0.04970508     0.034908       0.02361162     0.04853313     
0.067          0.04868508     0.03602827     0.02317804     0.0496675      
0.068          0.04794911     0.03748419     0.02277284     0.05018125     
0.069          0.04701448     0.03890835     0.02259894     0.05036625     
0.07           0.04567175     0.04024206     0.02208195     0.05046875     
0.071          0.04449295     0.04130448     0.02192166     0.05098688     
0.072          0.04385033     0.04218845     0.021911       0.0508925      
0.073          0.04263054     0.04248746     0.02223752     0.04967375     
0.074          0.04164697     0.04387252     0.02228306     0.04879125     
0.075          0.04081309     0.04399635     0.02251021     0.04799625     
0.076          0.04049947     0.04399717     0.02317685     0.04669813     
0.077          0.04027121     0.04373401     0.02426702     0.04420937     
0.078          0.0401551      0.04284269     0.02493366     0.04177563     
0.079          0.04034122     0.04152691     0.02561864     0.03966438     
0.08           0.04109485     0.03994062     0.02710748     0.0371475      
