current        in_2_ch_5_out_1in_2_ch_5_out_2in_2_ch_5_out_3in_2_ch_5_out_4
0.001          0.04498643     0.03178189     0.03340301     0.02823187     
0.002          0.04487317     0.03162791     0.03351303     0.02817625     
0.003          0.04490732     0.03172892     0.03356213     0.02824625     
0.004          0.04496367     0.03188943     0.03335628     0.02806187     
0.005          0.04493351     0.03181774     0.03360591     0.02828875     
0.006          0.04501034     0.0320255      0.03348228     0.02831875     
0.007          0.0449631      0.03243449     0.03351126     0.02819124     
0.008          0.04493179     0.03243449     0.03342253     0.02817875     
0.009          0.04506385     0.03277422     0.03370351     0.02815937     
0.01           0.04493521     0.03276608     0.03341189     0.02817562     
0.011          0.0450445      0.03316938     0.03355208     0.0282         
0.012          0.04502344     0.0335694      0.0335219      0.02802562     
0.013          0.0448874      0.03366798     0.03355799     0.0281         
0.014          0.04498985     0.03380731     0.03393656     0.02800688     
0.015          0.0446785      0.03417882     0.03361123     0.02801687     
0.016          0.04494374     0.03442406     0.03376562     0.02785251     
0.017          0.04453279     0.03483061     0.03338645     0.02792312     
0.018          0.04452766     0.03519562     0.03340596     0.02780687     
0.019          0.0445954      0.03573415     0.03336693     0.02761562     
0.02           0.04465402     0.03608694     0.03316877     0.02750812     
0.021          0.04452653     0.03674034     0.03314688     0.02753375     
0.022          0.04469217     0.03725525     0.03292803     0.02748438     
0.023          0.04454987     0.03804472     0.03310371     0.02722813     
0.024          0.04452766     0.03867289     0.03282806     0.027245       
0.025          0.04441041     0.03916499     0.03284225     0.02692499     
0.026          0.04429259     0.04022414     0.03280499     0.0268575      
0.027          0.04426527     0.04068445     0.03288721     0.02673813     
0.028          0.04421404     0.04163363     0.0329014      0.02663375     
0.029          0.04396985     0.04265041     0.03295287     0.02663938     
0.03           0.04363801     0.04362809     0.03285646     0.02651187     
0.031          0.04361411     0.0446017      0.03254353     0.02644124     
0.032          0.04347522     0.04542295     0.03249089     0.02621874     
0.033          0.0433705      0.04698478     0.03220874     0.02600812     
0.034          0.04320826     0.04826147     0.03201117     0.02583124     
0.035          0.04290489     0.04916174     0.03182839     0.02550687     
0.036          0.04260891     0.05060056     0.03178876     0.02524        
0.037          0.04226682     0.05197991     0.03167755     0.02499249     
0.038          0.04207557     0.05308306     0.03169944     0.02486875     
0.039          0.04170161     0.05506937     0.03157582     0.0247975      
0.04           0.04126845     0.05662877     0.03136464     0.02444687     
0.041          0.04078691     0.0581458      0.03091331     0.0243275      
0.042          0.04035261     0.05966935     0.03039633     0.02434125     
0.043          0.03977658     0.06167604     0.03030287     0.02387687     
0.044          0.03934001     0.06334379     0.02980422     0.0234575      
0.045          0.03860233     0.0653464      0.02960487     0.02328312     
0.046          0.03786978     0.06694165     0.02944635     0.02317563     
0.047          0.03716625     0.06885545     0.02937774     0.02300938     
0.048          0.03663405     0.07100227     0.02868211     0.02274187     
0.049          0.03593849     0.07240118     0.02847152     0.02248125     
0.05           0.035153       0.07470442     0.02807936     0.02227        
0.051          0.03425026     0.07658564     0.02754581     0.02209874     
0.052          0.03359967     0.07863631     0.02716427     0.02172437     
0.053          0.03272936     0.08050286     0.02681291     0.02176688     
0.054          0.03159324     0.08289818     0.0262841      0.02161499     
0.055          0.03078499     0.08453823     0.02589902     0.02151188     
0.056          0.02995624     0.0860675      0.02528739     0.02135062     
0.057          0.02893737     0.08807743     0.02480589     0.02138813     
0.058          0.02797771     0.08949506     0.02448352     0.02141875     
0.059          0.02705846     0.09058029     0.02431966     0.02154562     
0.06           0.02602423     0.09127933     0.02377961     0.02156937     
0.061          0.02629687     0.09176084     0.02328214     0.02150625     
0.062          0.02478395     0.09181706     0.0228805      0.02177187     
0.063          0.024151       0.09156855     0.02287872     0.02222625     
0.064          0.0234731      0.09069109     0.02268411     0.02260813     
0.065          0.02307067     0.08941767     0.02250194     0.02299313     
0.066          0.02280543     0.08725781     0.02252678     0.02322438     
0.067          0.02274281     0.08476309     0.02254333     0.02411875     
0.068          0.02280713     0.08150907     0.02272375     0.02481125     
0.069          0.0231754      0.07758368     0.02287991     0.0251225      
0.07           0.02353912     0.07360128     0.02339572     0.02592812     
0.071          0.02471337     0.06871451     0.02376601     0.02684874     
0.072          0.02562067     0.06334543     0.02448292     0.02751063     
0.073          0.02718881     0.05769525     0.02533649     0.02809        
0.074          0.02713473     0.05145767     0.02621548     0.02898062     
0.075          0.03083451     0.04563314     0.02692293     0.0295575      
0.076          0.03302535     0.03945339     0.02836151     0.03008437     
0.077          0.03554176     0.03381056     0.02958535     0.03074437     
0.078          0.03773773     0.02964892     0.03042413     0.03102        
0.079          0.03983122     0.02585226     0.03184023     0.03096312     
0.08           0.04199758     0.02409896     0.03278606     0.03100625     
