current        in_2_ch_15_out_1in_2_ch_15_out_2in_2_ch_15_out_3in_2_ch_15_out_4
0.001          0.04370005     0.03155213     0.03331546     0.02844125     
0.002          0.04390383     0.03155538     0.03353611     0.02848937     
0.003          0.04376096     0.03146415     0.0337254      0.02850438     
0.004          0.04363232     0.03148206     0.03390817     0.02847375     
0.005          0.04377804     0.03143562     0.03386677     0.0285075      
0.006          0.04366533     0.03139326     0.03407202     0.0286025      
0.007          0.04352303     0.03139        0.0341016      0.02864126     
0.008          0.04348888     0.03132971     0.03425302     0.02849876     
0.009          0.04350312     0.03114965     0.0341844      0.02860438     
0.01           0.04352246     0.03112765     0.03437014     0.02871124     
0.011          0.0435384      0.03098996     0.03438907     0.02882        
0.012          0.04355206     0.03072844     0.03440386     0.02880374     
0.013          0.0434849      0.0304335      0.03443403     0.02887812     
0.014          0.04343538     0.03056304     0.03475877     0.02896624     
0.015          0.0433574      0.03039114     0.03482976     0.02885563     
0.016          0.04335114     0.0301402      0.03500425     0.02907562     
0.017          0.04330732     0.03004488     0.03489364     0.02896        
0.018          0.04331072     0.02972794     0.03518999     0.0290475      
0.019          0.04319119     0.02951285     0.03517875     0.0288675      
0.02           0.04306369     0.02926273     0.03519827     0.02909375     
0.021          0.04320258     0.02913319     0.03541713     0.02904188     
0.022          0.04307564     0.02895476     0.03550822     0.02914813     
0.023          0.04317071     0.02870138     0.03585486     0.02913501     
0.024          0.04311549     0.02847163     0.03590869     0.02903375     
0.025          0.04295726     0.02802596     0.03622041     0.02902188     
0.026          0.04293164     0.02777502     0.03633222     0.02895938     
0.027          0.04273185     0.02744018     0.03639905     0.02911249     
0.028          0.04274665     0.0270483      0.03679537     0.02891437     
0.029          0.0425611      0.02672403     0.03706332     0.02899312     
0.03           0.0423226      0.02621645     0.03747857     0.02907876     
0.031          0.04206305     0.02576997     0.03766076     0.0292175      
0.032          0.04176422     0.02552799     0.03825937     0.02919875     
0.033          0.04150467     0.02497399     0.03855395     0.02927438     
0.034          0.04113298     0.0245324      0.03893903     0.02929812     
0.035          0.04090644     0.02434582     0.03937201     0.02923        
0.036          0.04080569     0.02382602     0.0397772      0.02917        
0.037          0.04044026     0.02338932     0.04021434     0.02912        
0.038          0.04024673     0.02306915     0.04046159     0.02892437     
0.039          0.04017616     0.02251838     0.04136958     0.02888625     
0.04           0.03977715     0.02213301     0.04181913     0.02872625     
0.041          0.03936791     0.02157166     0.04200665     0.02847438     
0.042          0.03897117     0.02116838     0.04306014     0.02848125     
0.043          0.03833651     0.0207553      0.04362325     0.02836125     
0.044          0.03842701     0.02035282     0.04434846     0.02833812     
0.045          0.03732449     0.0199259      0.04497132     0.02821187     
0.046          0.03688905     0.0196106      0.04574089     0.02802312     
0.047          0.03685319     0.01914132     0.04621884     0.02769125     
0.048          0.03580929     0.0187535      0.0466962      0.02753063     
0.049          0.03525603     0.01856367     0.04742672     0.02727687     
0.05           0.03466179     0.01815549     0.04796145     0.026695       
0.051          0.03390134     0.01791759     0.04868961     0.02657999     
0.052          0.03329229     0.01768702     0.04929118     0.02645187     
0.053          0.03272936     0.01752896     0.05005483     0.02605999     
0.054          0.03174238     0.01732039     0.05073331     0.025825       
0.055          0.03112593     0.01732364     0.0511243      0.02537938     
0.056          0.03063245     0.01738639     0.0517377      0.02487375     
0.057          0.02977808     0.01754362     0.05237358     0.02435875     
0.058          0.02900966     0.01760718     0.05297042     0.02389063     
0.059          0.02798055     0.01773998     0.0540949      0.02342        
0.06           0.0272759      0.01824267     0.05427886     0.02316062     
0.061          0.02665376     0.01879588     0.05423449     0.02257813     
0.062          0.02619612     0.01955846     0.05406651     0.022295       
0.063          0.02598153     0.02023224     0.05389852     0.02155187     
0.064          0.02534176     0.0210258      0.05366427     0.02106063     
0.065          0.02486649     0.02183482     0.05367669     0.02057063     
0.066          0.0245614      0.0227245      0.0533484      0.0202675      
0.067          0.02455001     0.02398409     0.05247059     0.01983063     
0.068          0.02465702     0.02549541     0.05134907     0.0195975      
0.069          0.02494958     0.02675173     0.0508451      0.01939313     
0.07           0.02542315     0.02807893     0.04974429     0.01937751     
0.071          0.02619328     0.02982001     0.0482229      0.01952437     
0.072          0.02736071     0.03145191     0.04659622     0.01964251     
0.073          0.02845299     0.03329566     0.04496128     0.019795       
0.074          0.02998641     0.03450227     0.04303588     0.02040187     
0.075          0.0314925      0.03573985     0.04096735     0.02091625     
0.076          0.03313861     0.03673954     0.03926732     0.02154125     
0.077          0.03516268     0.03774166     0.03728691     0.02248125     
0.078          0.03699834     0.03797304     0.03549463     0.02344688     
0.079          0.03865584     0.03789482     0.03373544     0.02448874     
0.08           0.04040043     0.03739783     0.03327169     0.02564937     
