current        in_2_ch_14_out_1in_2_ch_14_out_2in_2_ch_14_out_3in_2_ch_14_out_4
0.001          0.04441212     0.03143808     0.0331599      0.02886812     
0.002          0.04438423     0.0316776      0.03324213     0.02881749     
0.003          0.0442499      0.03169716     0.03320248     0.02878875     
0.004          0.0442072      0.03160673     0.03290673     0.02900937     
0.005          0.0443091      0.03177456     0.03317114     0.0289575      
0.006          0.04445026     0.03215829     0.03295878     0.02921625     
0.007          0.04423055     0.03211348     0.03288839     0.02920937     
0.008          0.04416224     0.03232856     0.03290673     0.02929625     
0.009          0.04410475     0.03243449     0.03285646     0.02914063     
0.01           0.04419697     0.03251921     0.03305107     0.0291825      
0.011          0.043897       0.03258603     0.03278487     0.0292425      
0.012          0.0436972      0.03300155     0.03280735     0.02930812     
0.013          0.04389984     0.03317101     0.03278665     0.02931187     
0.014          0.04348547     0.03338039     0.03270207     0.02934625     
0.015          0.04340066     0.0336134      0.03262516     0.02937749     
0.016          0.04340977     0.03372991     0.0324968      0.02942625     
0.017          0.0430284      0.03412832     0.03231404     0.02951125     
0.018          0.04308759     0.0345479      0.03226908     0.02956062     
0.019          0.04281496     0.03477439     0.03209044     0.02957937     
0.02           0.04253206     0.03521598     0.03203484     0.02966438     
0.021          0.04252524     0.03569504     0.03199639     0.02980187     
0.022          0.0424558      0.0359134      0.03174854     0.02962062     
0.023          0.04216835     0.03658392     0.03172961     0.02985625     
0.024          0.04191903     0.03707682     0.03152258     0.0298875      
0.025          0.04175227     0.03758766     0.03128952     0.02996187     
0.026          0.04132536     0.03820034     0.03086835     0.02985812     
0.027          0.04120641     0.03896537     0.03072876     0.02996812     
0.028          0.04084496     0.0394754      0.03042768     0.0300825      
0.029          0.04062468     0.04021518     0.03028867     0.0300125      
0.03           0.04026382     0.04082867     0.0302165      0.03010875     
0.031          0.03984602     0.04172488     0.03007277     0.03023062     
0.032          0.03941913     0.04251843     0.02945818     0.03024562     
0.033          0.03893304     0.04342686     0.02935112     0.03037187     
0.034          0.03841962     0.04437112     0.02911214     0.03059875     
0.035          0.0380246      0.04516548     0.02860994     0.03066312     
0.036          0.03754078     0.0462662      0.02842421     0.03071437     
0.037          0.0370359      0.04761459     0.02847035     0.03052938     
0.038          0.03640523     0.04864114     0.02785636     0.03057688     
0.039          0.03606997     0.04976791     0.02770078     0.03044187     
0.04           0.03536645     0.05101608     0.0274689      0.03049437     
0.041          0.0348132      0.05237995     0.0269318      0.03036875     
0.042          0.03399811     0.0534554      0.02672181     0.03030125     
0.043          0.03360878     0.05518344     0.02638406     0.03025249     
0.044          0.03283296     0.05659455     0.02605044     0.03039187     
0.045          0.03213683     0.05768956     0.02583099     0.0304025      
0.046          0.03130751     0.05897845     0.02542048     0.03034625     
0.047          0.03054308     0.06087922     0.0253004      0.03022562     
0.048          0.03047193     0.06218035     0.02492893     0.03013938     
0.049          0.02900454     0.06342119     0.02460241     0.02971249     
0.05           0.02800389     0.06551912     0.02436048     0.02936625     
0.051          0.02733908     0.06683167     0.02415877     0.02923063     
0.052          0.02641014     0.06805131     0.02381746     0.02897125     
0.053          0.02572427     0.06982499     0.02362049     0.02877375     
0.054          0.02491941     0.07119781     0.0235223      0.02844937     
0.055          0.02430981     0.07255923     0.02315142     0.02818938     
0.056          0.02369622     0.07424898     0.0227906      0.02766374     
0.057          0.02309572     0.07552486     0.0226575      0.02717563     
0.058          0.02247415     0.07684635     0.02264922     0.02665563     
0.059          0.02196985     0.07737674     0.02279828     0.02611125     
0.06           0.02170119     0.07794298     0.02279592     0.02575937     
0.061          0.02154749     0.07831775     0.02281366     0.02520187     
0.062          0.02127486     0.0786078      0.02298047     0.02464812     
0.063          0.0213147      0.0790005      0.02325139     0.02399063     
0.064          0.02174217     0.07873408     0.02363528     0.023125       
0.065          0.0220666      0.07796173     0.02423093     0.0224525      
0.066          0.02277753     0.07651313     0.0244782      0.02195687     
0.067          0.02363986     0.07542383     0.02513064     0.02129437     
0.068          0.0247646      0.07343833     0.0256837      0.02055437     
0.069          0.02592348     0.07121248     0.02665911     0.01979125     
0.07           0.02753032     0.06819552     0.02765524     0.01934751     
0.071          0.02972401     0.06459685     0.02848277     0.01887125     
0.072          0.03150616     0.0610658      0.02927244     0.01863375     
0.073          0.03385808     0.05727893     0.03052409     0.01825        
0.074          0.03631872     0.05191229     0.03185265     0.01816063     
0.075          0.03637506     0.04737015     0.03257962     0.01827313     
0.076          0.04093376     0.04286224     0.03348938     0.01872126     
0.077          0.04355719     0.03784267     0.03451625     0.01903188     
0.078          0.04583284     0.03382849     0.03497941     0.01972813     
0.079          0.04745903     0.03025914     0.03487116     0.02060938     
0.08           0.04898505     0.02744996     0.03511132     0.02174        
