current        in_2_ch_6_out_1in_2_ch_6_out_2in_2_ch_6_out_3in_2_ch_6_out_4
0.001          0.04514867     0.03214362     0.03326637     0.02847813     
0.002          0.04513158     0.03181936     0.03339828     0.02868812     
0.003          0.04525737     0.03202223     0.03345507     0.02860499     
0.004          0.04534788     0.03168574     0.0332575      0.02864063     
0.005          0.04548391     0.0317102      0.03335983     0.0286675      
0.006          0.04552148     0.03158798     0.03341781     0.028885       
0.007          0.04571102     0.03149509     0.03324271     0.02893125     
0.008          0.04564385     0.03152606     0.03318179     0.02918        
0.009          0.04562109     0.03140304     0.03293158     0.02930688     
0.01           0.04589716     0.03131179     0.03311849     0.02953938     
0.011          0.04640203     0.03138593     0.03290199     0.0294875      
0.012          0.04625404     0.03111461     0.03270679     0.02969874     
0.013          0.0466115      0.03092805     0.03255123     0.02993437     
0.014          0.04672533     0.0307488      0.03266421     0.03007313     
0.015          0.04671338     0.03060461     0.03230338     0.03021062     
0.016          0.04720801     0.030295       0.0320721      0.03049937     
0.017          0.04740381     0.0301956      0.03200585     0.03079312     
0.018          0.04784039     0.03011006     0.03166691     0.03092312     
0.019          0.04801001     0.02992673     0.03151607     0.03107625     
0.02           0.0483299      0.02958863     0.03125166     0.03146874     
0.021          0.04835152     0.02938331     0.03111916     0.03169688     
0.022          0.0490004      0.02909326     0.03067729     0.03188062     
0.023          0.04952123     0.02886351     0.03039337     0.03220625     
0.024          0.04956847     0.02845697     0.03024135     0.03234313     
0.025          0.05026176     0.02805531     0.0300077      0.03278437     
0.026          0.0504604      0.02782637     0.02995328     0.03312249     
0.027          0.0508725      0.02734649     0.02993376     0.03357812     
0.028          0.05122768     0.02696274     0.02977819     0.03383875     
0.029          0.0515618      0.02660671     0.02946114     0.03440625     
0.03           0.05198813     0.02615127     0.02937359     0.03489875     
0.031          0.05238201     0.02574064     0.02912989     0.035395       
0.032          0.05280322     0.0252738      0.02863597     0.03576437     
0.033          0.05301325     0.02486399     0.02843368     0.03630124     
0.034          0.05341624     0.02451284     0.0281527      0.03647875     
0.035          0.05390347     0.02402238     0.02791668     0.03703        
0.036          0.05452219     0.02343739     0.02788711     0.03723999     
0.037          0.05466506     0.02298359     0.02782501     0.03787188     
0.038          0.05481987     0.0223978      0.02776467     0.03816938     
0.039          0.055261       0.02174927     0.02768599     0.03898562     
0.04           0.05550518     0.02117407     0.02764873     0.03976499     
0.041          0.05555585     0.02078382     0.02736539     0.04047812     
0.042          0.05573059     0.02004241     0.02706371     0.04089312     
0.043          0.05637037     0.01962771     0.02706726     0.04137249     
0.044          0.05654284     0.01893031     0.02713352     0.04161        
0.045          0.05658438     0.01838361     0.02748843     0.04192562     
0.046          0.05662309     0.01779376     0.02742041     0.04254625     
0.047          0.05635273     0.01725032     0.02780666     0.04331625     
0.048          0.05660659     0.01654721     0.027964       0.0439025      
0.049          0.05631743     0.01623436     0.0281527      0.04420999     
0.05           0.05614838     0.01551738     0.02853541     0.04462812     
0.051          0.05577556     0.01514832     0.02921625     0.0447075      
0.052          0.05539078     0.01455275     0.02973264     0.0448675      
0.053          0.05471002     0.01422034     0.03040401     0.04507812     
0.054          0.05386249     0.01356529     0.03109314     0.04571938     
0.055          0.05310261     0.01324591     0.03172015     0.04589999     
0.056          0.05223743     0.01309112     0.03269201     0.04554937     
0.057          0.05130679     0.01297461     0.03391763     0.04511187     
0.058          0.04980241     0.01289803     0.0349942      0.04499562     
0.059          0.04832477     0.01291676     0.0359424      0.0450075      
0.06           0.04657507     0.01300232     0.03709881     0.0442975      
0.061          0.04490391     0.01335509     0.03869947     0.04332313     
0.062          0.04316387     0.01399302     0.04023446     0.04239563     
0.063          0.04100263     0.01437106     0.04172212     0.04155938     
0.064          0.03854428     0.01530068     0.04271409     0.040725       
0.065          0.0364724      0.01624412     0.04493997     0.03913875     
0.066          0.03424911     0.01729921     0.04590296     0.03751812     
0.067          0.03403794     0.01865573     0.04748292     0.03576938     
0.068          0.02937167     0.01985258     0.04842757     0.0344275      
0.069          0.02734534     0.02122621     0.04992411     0.03256876     
0.07           0.0254852      0.02317751     0.05097346     0.03022438     
0.071          0.02384193     0.02488599     0.05165785     0.02804937     
0.072          0.02275476     0.02654886     0.05176372     0.02649875     
0.073          0.02197098     0.02866146     0.05244988     0.02431687     
0.074          0.02197839     0.03046936     0.05237772     0.02246938     
0.075          0.02251912     0.03187965     0.05142538     0.02133812     
0.076          0.02360458     0.03331603     0.05060908     0.02015938     
0.077          0.02587852     0.03451451     0.04855889     0.01962999     
0.078          0.0283363      0.03466848     0.04608338     0.0196375      
0.079          0.03216415     0.03479803     0.0439267      0.02028438     
0.08           0.03649972     0.03435807     0.04110989     0.02191188     
