current        in_3_ch_5_out_1in_3_ch_5_out_2in_3_ch_5_out_3in_3_ch_5_out_4
0.001          0.06777479     0.02929124     0.03971333     0.02520313     
0.002          0.06784878     0.02914052     0.04004813     0.02529437     
0.003          0.06816128     0.02924319     0.04002801     0.02526562     
0.004          0.06765128     0.02930837     0.0399387      0.02524625     
0.005          0.06753173     0.02917312     0.04025634     0.02533625     
0.006          0.06738262     0.02912179     0.04049473     0.025305       
0.007          0.06747653     0.02914866     0.04063432     0.02515126     
0.008          0.06700864     0.02909326     0.04071772     0.02519562     
0.009          0.06696312     0.02913401     0.04108624     0.02530688     
0.01           0.06650093     0.02904439     0.04101644     0.02523688     
0.011          0.0667417      0.02898003     0.04146776     0.02519751     
0.012          0.06596417     0.02885129     0.04194512     0.02534938     
0.013          0.06560615     0.02876167     0.04216044     0.02529125     
0.014          0.06543824     0.02870138     0.04232547     0.02551251     
0.015          0.06517071     0.02863866     0.04264074     0.02535938     
0.016          0.06469941     0.02833719     0.04292823     0.0252225      
0.017          0.06419455     0.02835676     0.04324232     0.02510125     
0.018          0.06385986     0.02850748     0.04352329     0.0251175      
0.019          0.06344321     0.028017       0.04378651     0.02503188     
0.02           0.06289563     0.02798278     0.04425915     0.02509937     
0.021          0.06245565     0.02773512     0.04482641     0.02494563     
0.022          0.06206745     0.02757787     0.04512808     0.02490188     
0.023          0.06149996     0.02715746     0.04580714     0.02482313     
0.024          0.06094557     0.02705806     0.04615791     0.02478188     
0.025          0.06017943     0.02683972     0.04713273     0.02439562     
0.026          0.05934385     0.02671589     0.04778695     0.02450562     
0.027          0.05851112     0.02625637     0.04852043     0.02454187     
0.028          0.05756341     0.02597693     0.04954081     0.02462313     
0.029          0.05683426     0.02573739     0.05012819     0.02469313     
0.03           0.05570782     0.02555406     0.05095217     0.02482999     
0.031          0.05470376     0.02543023     0.05125147     0.0248725      
0.032          0.05385281     0.02498457     0.05219612     0.02489687     
0.033          0.05286867     0.0246204      0.05288406     0.02486875     
0.034          0.05193007     0.02438575     0.05415228     0.02483374     
0.035          0.05069662     0.02372255     0.05459769     0.02474749     
0.036          0.04974094     0.0233771      0.05545066     0.02467313     
0.037          0.04848928     0.02298766     0.05671118     0.0245725      
0.038          0.04727745     0.02234809     0.05754463     0.02485563     
0.039          0.04583112     0.02207843     0.05912931     0.02498249     
0.04           0.04448497     0.02129221     0.0602248      0.02528562     
0.041          0.04345986     0.02113334     0.06039989     0.02545188     
0.042          0.04200499     0.02072923     0.06092161     0.02564625     
0.043          0.04049433     0.02013041     0.06185621     0.02567        
0.044          0.03951361     0.01988108     0.06276478     0.02561687     
0.045          0.03832399     0.01898244     0.06428675     0.02583375     
0.046          0.03685774     0.01863537     0.0653503      0.02609563     
0.047          0.03528392     0.01785648     0.06632512     0.02648938     
0.048          0.03390646     0.01747357     0.0669681      0.02678188     
0.049          0.03265878     0.01704745     0.06758565     0.02700688     
0.05           0.03138833     0.01653335     0.06811092     0.02722624     
0.051          0.0314851      0.01586528     0.06874561     0.02754375     
0.052          0.0295487      0.01540495     0.06944005     0.0279375      
0.053          0.02862432     0.01493892     0.07043321     0.0284275      
0.054          0.02772328     0.0143955      0.07047817     0.02905438     
0.055          0.02742104     0.01402724     0.06987186     0.02943062     
0.056          0.02707383     0.01350989     0.06976657     0.029635       
0.057          0.02706017     0.01323369     0.07033265     0.03019624     
0.058          0.02734818     0.01299497     0.07101053     0.03098812     
0.059          0.02778987     0.01294203     0.06993456     0.03162187     
0.06           0.02880191     0.01281492     0.06834871     0.03199375     
0.061          0.03014407     0.01298601     0.06706394     0.03216375     
0.062          0.03154999     0.01311311     0.0668776      0.03292562     
0.063          0.03328376     0.01321984     0.06573657     0.03376        
0.064          0.03643255     0.01390993     0.06287303     0.03420624     
0.065          0.03938099     0.01429285     0.06055132     0.034325       
0.066          0.04274096     0.01529171     0.058523       0.03462749     
0.067          0.04684316     0.01616591     0.05594398     0.03539437     
0.068          0.05079736     0.01708819     0.05264864     0.03561438     
0.069          0.05090893     0.01813106     0.04955382     0.03532625     
0.07           0.06008893     0.01971571     0.04672872     0.03554375     
0.071          0.06570917     0.02119118     0.04317312     0.03578749     
0.072          0.07051376     0.02263896     0.03925905     0.03531938     
0.073          0.07582437     0.02433524     0.03641738     0.034585       
0.074          0.08157553     0.02646495     0.03306703     0.03445375     
0.075          0.08604087     0.02814574     0.02958418     0.03364312     
0.076          0.08991482     0.02990719     0.02772385     0.032525       
0.077          0.09343302     0.03128733     0.02593806     0.03199375     
0.078          0.09479739     0.03265039     0.02494608     0.03065812     
0.079          0.09519298     0.03345046     0.02524125     0.02928562     
0.08           0.09435456     0.03380649     0.02607884     0.02858249     
