current        in_3_ch_6_out_1in_3_ch_6_out_2in_3_ch_6_out_3in_3_ch_6_out_4
0.001          0.07041357     0.02918859     0.04004694     0.02521751     
0.002          0.07041757     0.02941264     0.04018654     0.02520063     
0.003          0.07031568     0.02930999     0.04013744     0.0252825      
0.004          0.07026558     0.02915601     0.04008184     0.02533001     
0.005          0.07043635     0.02927251     0.04019956     0.02532688     
0.006          0.07046822     0.0292937      0.04014809     0.02510562     
0.007          0.0705536      0.0292888      0.04017293     0.02509687     
0.008          0.07054336     0.02922362     0.04029123     0.02521063     
0.009          0.07066289     0.02927251     0.04008479     0.02510937     
0.01           0.07047733     0.02933117     0.040225       0.02497562     
0.011          0.07054961     0.02930266     0.04025279     0.02499813     
0.012          0.07045627     0.02928799     0.04018595     0.02499876     
0.013          0.07045741     0.02923422     0.04034093     0.02504125     
0.014          0.07054677     0.02943138     0.04016821     0.02502312     
0.015          0.07041699     0.02950634     0.03994816     0.02497375     
0.016          0.07065378     0.02967579     0.04018476     0.02488813     
0.017          0.07062703     0.02965054     0.0400357      0.02482375     
0.018          0.07059515     0.02973528     0.03960922     0.02481062     
0.019          0.07057865     0.02984934     0.0394359      0.02477437     
0.02           0.07061451     0.03011657     0.0393661      0.02458063     
0.021          0.0705667      0.03021271     0.03927383     0.02436249     
0.022          0.07042837     0.03028278     0.03911174     0.02412625     
0.023          0.07053424     0.03034714     0.03872431     0.02401812     
0.024          0.07048302     0.03049786     0.03864268     0.02378312     
0.025          0.07029974     0.03064859     0.03874383     0.02351625     
0.026          0.0701398      0.03097123     0.0385717      0.02320438     
0.027          0.06985407     0.03127839     0.03845753     0.02315875     
0.028          0.06985748     0.03149184     0.03848297     0.02293437     
0.029          0.06951311     0.0319155      0.03854093     0.02292938     
0.03           0.06912491     0.03250945     0.03767022     0.02276        
0.031          0.06887846     0.03314248     0.03778616     0.02262375     
0.032          0.06835878     0.03377147     0.03752589     0.02260687     
0.033          0.06822331     0.03447783     0.03707693     0.02239125     
0.034          0.06808899     0.0349292      0.03671315     0.0222875      
0.035          0.0674862      0.03568935     0.03591992     0.02223        
0.036          0.066847       0.03617003     0.03578091     0.0219225      
0.037          0.06639619     0.03719171     0.0356283      0.0215425      
0.038          0.06578829     0.03817101     0.03510422     0.02147375     
0.039          0.06502159     0.03929291     0.03493386     0.021295       
0.04           0.06494246     0.04048568     0.03452985     0.02115938     
0.041          0.063203       0.0420198      0.03384725     0.02100625     
0.042          0.06225928     0.0435124      0.03306762     0.02100562     
0.043          0.0610725      0.04510438     0.0325252      0.02082813     
0.044          0.05999331     0.04668577     0.03179231     0.02077999     
0.045          0.05901941     0.04830709     0.03101742     0.02060749     
0.046          0.05783036     0.04970518     0.03051641     0.02060124     
0.047          0.05620928     0.05207116     0.03001302     0.02052562     
0.048          0.05467758     0.0540306      0.02942683     0.02049625     
0.049          0.05303089     0.05657744     0.02852003     0.02051937     
0.05           0.05125501     0.05916421     0.02733285     0.02054437     
0.051          0.04951212     0.06148784     0.02668574     0.02071563     
0.052          0.0477607      0.063233       0.02607824     0.02089937     
0.053          0.04762239     0.06578963     0.02542817     0.02114875     
0.054          0.04356116     0.06909499     0.02462193     0.02130125     
0.055          0.04168965     0.07218935     0.02382278     0.02149687     
0.056          0.03941856     0.07481197     0.02310587     0.02188563     
0.057          0.03692718     0.07763582     0.02224521     0.0224575      
0.058          0.03498395     0.0802617      0.02192047     0.023035       
0.059          0.03306974     0.08286153     0.02141708     0.02329249     
0.06           0.03067627     0.08620111     0.02099002     0.0239         
0.061          0.03064326     0.08890846     0.02032041     0.02470437     
0.062          0.02680573     0.09068865     0.01999744     0.02565375     
0.063          0.02513343     0.0925332      0.01999153     0.02642063     
0.064          0.02366434     0.09412356     0.01969813     0.02687937     
0.065          0.02244342     0.09569356     0.01984484     0.02784563     
0.066          0.02165678     0.09698571     0.02005245     0.02909        
0.067          0.0214126      0.09683906     0.02048248     0.03018438     
0.068          0.02147521     0.0964097      0.02104443     0.03096125     
0.069          0.02204214     0.09529026     0.02195655     0.0319375      
0.07           0.02311392     0.09323388     0.02287163     0.03321625     
0.071          0.02528655     0.09008412     0.0238707      0.0342325      
0.072          0.02781663     0.0870582      0.0252241      0.03463812     
0.073          0.03112536     0.08288921     0.02690874     0.03548813     
0.074          0.03543077     0.07663127     0.02851531     0.03628812     
0.075          0.03989441     0.07102183     0.03021059     0.03628562     
0.076          0.04466313     0.0655615      0.03237791     0.0359275      
0.077          0.05046438     0.05770667     0.03437784     0.03587938     
0.078          0.05581256     0.05146581     0.03513912     0.03493813     
0.079          0.0600155      0.04581972     0.03674094     0.03361813     
0.08           0.06613436     0.03974915     0.03749514     0.03260813     
