current        in_3_ch_11_out_1in_3_ch_11_out_2in_3_ch_11_out_3in_3_ch_11_out_4
0.001          0.07325786     0.03132483     0.0420445      0.02499249     
0.002          0.07297155     0.03122461     0.04176589     0.02506813     
0.003          0.07300684     0.0311855      0.04175229     0.02501625     
0.004          0.0731019      0.03133868     0.04191968     0.02509562     
0.005          0.07282583     0.03128979     0.04187532     0.02502625     
0.006          0.07298008     0.03134844     0.04185225     0.02493624     
0.007          0.07303701     0.03136068     0.04248873     0.024985       
0.008          0.07288674     0.03140711     0.04191732     0.02502312     
0.009          0.07309449     0.03140304     0.04160026     0.02502813     
0.01           0.07293342     0.03149591     0.04135124     0.02504501     
0.011          0.07303643     0.03179329     0.04143345     0.0252225      
0.012          0.07301822     0.0319155      0.04160322     0.02508874     
0.013          0.07296074     0.03209962     0.04148433     0.02509063     
0.014          0.07355384     0.03219007     0.04153816     0.02513562     
0.015          0.07342236     0.03249234     0.04153993     0.02530374     
0.016          0.07356294     0.03285244     0.04155828     0.02521        
0.017          0.07370069     0.03301784     0.04103773     0.02529875     
0.018          0.07328802     0.03349282     0.04094546     0.02527812     
0.019          0.07331762     0.03367044     0.04057931     0.02548937     
0.02           0.07336202     0.03389041     0.04045508     0.0255275      
0.021          0.07309734     0.03421711     0.04011555     0.02574375     
0.022          0.07317191     0.03470188     0.03984819     0.02576        
0.023          0.07411791     0.0349072      0.04007178     0.02591313     
0.024          0.07344683     0.03536997     0.03951043     0.02580751     
0.025          0.07305806     0.03588651     0.03929808     0.02584688     
0.026          0.07340186     0.0360853      0.03933712     0.0258425      
0.027          0.07341495     0.03655214     0.03904904     0.02588812     
0.028          0.07338878     0.03707113     0.03901888     0.0258225      
0.029          0.07407806     0.03723896     0.03887336     0.02574438     
0.03           0.07343374     0.03801378     0.03888993     0.02589        
0.031          0.07286114     0.03837226     0.03876689     0.02584437     
0.032          0.07325501     0.03880814     0.03847291     0.02590563     
0.033          0.07333925     0.03949332     0.03854803     0.02610875     
0.034          0.0725031      0.04042212     0.03846345     0.02635812     
0.035          0.07163109     0.04093621     0.03824695     0.02656625     
0.036          0.07142846     0.04183893     0.03802454     0.02669249     
0.037          0.07078299     0.042749       0.03783644     0.02680312     
0.038          0.07057978     0.04368676     0.03783584     0.02682063     
0.039          0.06979543     0.04435158     0.03782934     0.0270025      
0.04           0.06900653     0.04509623     0.03775895     0.02690812     
0.041          0.06838553     0.04570729     0.03824991     0.0269725      
0.042          0.06755167     0.0462222      0.0381322      0.02723062     
0.043          0.06638423     0.04742555     0.03827358     0.02749        
0.044          0.06591579     0.04842767     0.03839779     0.02762062     
0.045          0.06457078     0.04933121     0.03841021     0.02778437     
0.046          0.0633601      0.05057938     0.03888047     0.02812437     
0.047          0.06178683     0.05166379     0.03913837     0.0281925      
0.048          0.06026197     0.05248586     0.03960152     0.02834563     
0.049          0.05868017     0.05306595     0.04015874     0.02823938     
0.05           0.05708072     0.05387579     0.04091825     0.02845813     
0.051          0.05529116     0.05504901     0.04186408     0.02877625     
0.052          0.0532506      0.05563318     0.04261649     0.02921562     
0.053          0.05148552     0.05664426     0.0428738      0.02932937     
0.054          0.04894292     0.05769689     0.04371909     0.02939125     
0.055          0.04677998     0.05835927     0.04450402     0.0293975      
0.056          0.04463581     0.05861346     0.04588108     0.02934625     
0.057          0.04240741     0.05891816     0.04697657     0.02958687     
0.058          0.04224462     0.05925465     0.04833293     0.030035       
0.059          0.03780261     0.05984127     0.04929        0.03018312     
0.06           0.03526514     0.0597386      0.05084214     0.0300525      
0.061          0.03309933     0.05974674     0.0522186      0.02997187     
0.062          0.03067001     0.05901756     0.05353236     0.02990187     
0.063          0.02896299     0.05832505     0.05514071     0.03006374     
0.064          0.02698618     0.05750542     0.05655324     0.030045       
0.065          0.02561725     0.05664019     0.05756415     0.02953563     
0.066          0.02455912     0.05529506     0.05877854     0.02923375     
0.067          0.02401895     0.05302277     0.06017925     0.02913375     
0.068          0.02382428     0.05078225     0.06084945     0.02901875     
0.069          0.02437583     0.04884401     0.06163734     0.02853937     
0.07           0.02513003     0.04675666     0.06217799     0.02789875     
0.071          0.02705675     0.04392792     0.06242288     0.02749124     
0.072          0.03047932     0.04055573     0.06246369     0.02738874     
0.073          0.03366113     0.0383087      0.06197865     0.02671312     
0.074          0.03832286     0.03567711     0.0602875      0.02597812     
0.075          0.04305743     0.03296487     0.05879156     0.02574875     
0.076          0.04793544     0.03090034     0.05725716     0.02548687     
0.077          0.05375149     0.0292277      0.05461188     0.02481812     
0.078          0.06008039     0.02798442     0.05192699     0.02478749     
0.079          0.0654593      0.02762919     0.04935447     0.02492        
0.08           0.06985804     0.02833476     0.04619636     0.02489624     
