current        in_3_ch_7_out_1in_3_ch_7_out_2in_3_ch_7_out_3in_3_ch_7_out_4
0.001          0.07303587     0.03082702     0.04308794     0.02493062     
0.002          0.07288332     0.0308042      0.04331153     0.0249575      
0.003          0.07263175     0.03086449     0.04299506     0.02496375     
0.004          0.07302904     0.03084576     0.04344994     0.0250625      
0.005          0.07242285     0.03085227     0.04331271     0.02509687     
0.006          0.07233348     0.03109996     0.04304476     0.02514438     
0.007          0.07214166     0.03116839     0.04289747     0.02526063     
0.008          0.07206368     0.03124661     0.04323108     0.02540062     
0.009          0.07219801     0.03136719     0.04324409     0.02559562     
0.01           0.07239553     0.03142991     0.04294952     0.02573625     
0.011          0.07171818     0.03144622     0.04315123     0.0257425      
0.012          0.07174038     0.03159856     0.04277798     0.02594563     
0.013          0.07108182     0.03188943     0.04277207     0.02612        
0.014          0.07127079     0.03215504     0.04291817     0.02652062     
0.015          0.07127023     0.0324907      0.04263128     0.02664813     
0.016          0.07081202     0.03257136     0.0425396      0.02692187     
0.017          0.07022745     0.03299991     0.04265199     0.02733438     
0.018          0.06990699     0.03345453     0.04239349     0.02760625     
0.019          0.06965712     0.03364436     0.04235623     0.02782062     
0.02           0.06954157     0.03400774     0.04194571     0.02841251     
0.021          0.06911183     0.03450065     0.04183805     0.02883625     
0.022          0.06856654     0.03467419     0.04202853     0.02932562     
0.023          0.06792164     0.03493408     0.04153106     0.02975813     
0.024          0.06758638     0.03547588     0.04148551     0.03023125     
0.025          0.06682593     0.03583029     0.04107618     0.03067626     
0.026          0.06709003     0.03609752     0.04107263     0.03121062     
0.027          0.06637171     0.03666132     0.04096439     0.0315875      
0.028          0.06609054     0.03686826     0.04078516     0.03200062     
0.029          0.06523389     0.03711431     0.04070827     0.03259813     
0.03           0.06477284     0.03757545     0.04051602     0.03337938     
0.031          0.06354566     0.03806592     0.04028355     0.0338175      
0.032          0.06329237     0.03844069     0.04013448     0.03468374     
0.033          0.06261047     0.03904686     0.03974586     0.03564        
0.034          0.06172195     0.03953325     0.03933949     0.03670438     
0.035          0.06114763     0.04023881     0.03912831     0.03739187     
0.036          0.06013219     0.04057691     0.03872963     0.03820188     
0.037          0.05914007     0.04101361     0.03849243     0.03926063     
0.038          0.05859821     0.04144869     0.03839128     0.03987875     
0.039          0.05764593     0.04164503     0.03772405     0.040585       
0.04           0.05626335     0.04186257     0.03770927     0.04166562     
0.041          0.05532418     0.04210291     0.03725675     0.04257125     
0.042          0.05392054     0.04258768     0.0369669      0.04390063     
0.043          0.05326711     0.04310341     0.03668002     0.04524563     
0.044          0.0521845      0.04372667     0.0360335      0.046365       
0.045          0.05114742     0.04393688     0.0355313      0.04752938     
0.046          0.05028908     0.04391243     0.0352172      0.04809875     
0.047          0.04909262     0.04395968     0.03489896     0.04882563     
0.048          0.04808458     0.04378127     0.0348682      0.04976625     
0.049          0.04823996     0.04371201     0.0344015      0.05090063     
0.05           0.04576397     0.0436672      0.03362956     0.05225812     
0.051          0.04498359     0.04352625     0.0331522      0.05341875     
0.052          0.04415313     0.04344233     0.03267544     0.0541475      
0.053          0.04326462     0.04279543     0.03270324     0.05462312     
0.054          0.04266867     0.04182101     0.03261748     0.05494375     
0.055          0.04191221     0.04081645     0.03240216     0.05567938     
0.056          0.04115518     0.04001067     0.03193841     0.05641188     
0.057          0.04083188     0.03921387     0.03181065     0.05688437     
0.058          0.04068673     0.03836166     0.03156576     0.05681124     
0.059          0.04077893     0.03700349     0.03182484     0.05627437     
0.06           0.0409275      0.03507096     0.03187394     0.05597625     
0.061          0.04096051     0.03364111     0.03185382     0.05565688     
0.062          0.04207101     0.03233427     0.03191948     0.05483625     
0.063          0.04313769     0.03037078     0.0324069      0.0534275      
0.064          0.04471493     0.02794124     0.03270739     0.05121062     
0.065          0.04653978     0.0257431      0.03338704     0.04953312     
0.066          0.04636218     0.02396534     0.03354025     0.04795313     
0.067          0.05135689     0.0217566      0.03442161     0.04508187     
0.068          0.05381126     0.01992347     0.0349658      0.04205937     
0.069          0.05668285     0.01769761     0.03540944     0.03949687     
0.07           0.06006218     0.01626287     0.03599623     0.03681812     
0.071          0.06440058     0.01472955     0.03689948     0.03296875     
0.072          0.06783341     0.01390911     0.03784827     0.02951687     
0.073          0.07104027     0.01321902     0.03836289     0.02683        
0.074          0.07491478     0.01370868     0.0392058      0.0239725      
0.075          0.0771153      0.0143075      0.03975946     0.02147312     
0.076          0.07980817     0.01605755     0.04011852     0.01981813     
0.077          0.0803694      0.0186753      0.04046514     0.01885938     
0.078          0.0816444      0.02124821     0.04070589     0.01892563     
0.079          0.08085207     0.02514264     0.040238       0.02004749     
0.08           0.07886445     0.02923666     0.03985647     0.02222875     
