current        in_3_ch_16_out_1in_3_ch_16_out_2in_3_ch_16_out_3in_3_ch_16_out_4
0.001          0.07576205     0.03181692     0.04162925     0.02499937     
0.002          0.07635804     0.03162545     0.04147605     0.024955       
0.003          0.07550558     0.03148777     0.04133585     0.024955       
0.004          0.075827       0.03145273     0.04145179     0.02493563     
0.005          0.07557722     0.03144784     0.04140506     0.02495188     
0.006          0.07538303     0.03144295     0.04119803     0.0249975      
0.007          0.07556049     0.03139815     0.0414453      0.02495125     
0.008          0.07547812     0.03154887     0.04120218     0.02489251     
0.009          0.07597098     0.03156598     0.04138377     0.02492        
0.01           0.0760125      0.03152931     0.04156832     0.02494188     
0.011          0.07623014     0.03143644     0.04130273     0.02489062     
0.012          0.07631785     0.03157984     0.04138141     0.02490312     
0.013          0.07641094     0.03147962     0.04124239     0.02491687     
0.014          0.07656763     0.03137126     0.04113356     0.02481563     
0.015          0.07639754     0.0313574      0.04084076     0.02475313     
0.016          0.07698147     0.03137615     0.04122525     0.02485062     
0.017          0.07719174     0.03141851     0.04095669     0.02492188     
0.018          0.07699688     0.03143562     0.04088867     0.02488563     
0.019          0.07733236     0.031434       0.0410259      0.02485687     
0.02           0.07765715     0.03152524     0.0412838      0.02489062     
0.021          0.07776964     0.03182017     0.04106908     0.02493937     
0.022          0.07754798     0.03146495     0.04084726     0.02490937     
0.023          0.07828392     0.03148125     0.04060888     0.02496687     
0.024          0.07839174     0.03140793     0.04041132     0.02496375     
0.025          0.07813928     0.03135659     0.04020606     0.02509312     
0.026          0.07872254     0.03132644     0.04008775     0.02516187     
0.027          0.07917187     0.03139897     0.03986239     0.02513812     
0.028          0.07897501     0.03136882     0.03962164     0.02498624     
0.029          0.07978661     0.03125639     0.03938917     0.02505375     
0.03           0.08024666     0.03100381     0.03942467     0.02503562     
0.031          0.08055267     0.03092724     0.03935723     0.02494375     
0.032          0.0805433      0.03074229     0.03923361     0.02500438     
0.033          0.08107968     0.03051661     0.03929867     0.02491937     
0.034          0.08167701     0.0303227      0.03935663     0.024905       
0.035          0.08162344     0.03020374     0.03930103     0.02501375     
0.036          0.08181294     0.03008235     0.03931997     0.02526688     
0.037          0.0819221      0.02995851     0.0390597      0.02555813     
0.038          0.08254821     0.02994873     0.03908513     0.02563125     
0.039          0.0827779      0.02971083     0.03883197     0.02568375     
0.04           0.08278392     0.02952182     0.03860009     0.02572375     
0.041          0.08316831     0.02931731     0.03865806     0.02571625     
0.042          0.08382656     0.02907616     0.03847114     0.02575313     
0.043          0.08373281     0.02853844     0.03845753     0.02582376     
0.044          0.08376294     0.02795835     0.03842382     0.02618937     
0.045          0.08390892     0.02775792     0.03812865     0.02633875     
0.046          0.08368794     0.02719984     0.0381807      0.02656563     
0.047          0.08443058     0.02683239     0.03845458     0.02669062     
0.048          0.08389888     0.02655864     0.03832207     0.02694812     
0.049          0.08402478     0.02607062     0.03837826     0.02697625     
0.05           0.08396652     0.02570561     0.03810558     0.02701938     
0.051          0.08373414     0.02541394     0.03822034     0.027395       
0.052          0.08371473     0.02488436     0.03836052     0.02750313     
0.053          0.08367388     0.02432546     0.03852793     0.02761437     
0.054          0.08290848     0.02352457     0.03865333     0.02813437     
0.055          0.08186049     0.02294286     0.03911057     0.02841125     
0.056          0.08217858     0.02251431     0.03934185     0.02881625     
0.057          0.08033907     0.02230737     0.03912359     0.02934812     
0.058          0.08003371     0.02197332     0.03921645     0.0293225      
0.059          0.07913437     0.02122539     0.03971214     0.02938812     
0.06           0.07830068     0.02104045     0.04021198     0.02966876     
0.061          0.07701496     0.02057361     0.04067868     0.03016624     
0.062          0.07647321     0.02038378     0.04143464     0.03072312     
0.063          0.07565692     0.02020373     0.04137371     0.0309825      
0.064          0.07303326     0.02009701     0.04160263     0.0311125      
0.065          0.07154933     0.01997316     0.04201788     0.0312775      
0.066          0.07048861     0.01997561     0.04271765     0.03166313     
0.067          0.06900201     0.01996257     0.04323877     0.032235       
0.068          0.06729642     0.02027135     0.04344876     0.03231563     
0.069          0.0660375      0.02075612     0.04357653     0.03191375     
0.07           0.06503504     0.0211757      0.04402017     0.03161124     
0.071          0.06402858     0.02198554     0.04434195     0.03161812     
0.072          0.06345736     0.02270332     0.04458743     0.03171749     
0.073          0.06246026     0.02357183     0.04438158     0.0311025      
0.074          0.06227879     0.02488192     0.04425973     0.03025813     
0.075          0.06250446     0.02599811     0.04435969     0.03009188     
0.076          0.06329062     0.02688127     0.04366348     0.02966687     
0.077          0.06498951     0.02896618     0.04280164     0.02854125     
0.078          0.0664366      0.0301622      0.04231955     0.02775813     
0.079          0.06974263     0.0307374      0.04202083     0.02753124     
0.08           0.07215736     0.03142748     0.04061124     0.02700562     
