current        in_3_ch_10_out_1in_3_ch_10_out_2in_3_ch_10_out_3in_3_ch_10_out_4
0.001          0.07337568     0.0308368      0.04233374     0.02490125     
0.002          0.0735231      0.03068526     0.04229353     0.02487563     
0.003          0.07322427     0.03069991     0.04255498     0.02490312     
0.004          0.07343317     0.03058179     0.04209891     0.024905       
0.005          0.07361873     0.03053615     0.04251889     0.02483188     
0.006          0.07316508     0.03037158     0.04247395     0.02488875     
0.007          0.07295448     0.03029825     0.04238285     0.02489563     
0.008          0.07369442     0.0300514      0.04258041     0.02484062     
0.009          0.07370639     0.02995444     0.04267802     0.024885       
0.01           0.07400578     0.02996911     0.04276614     0.02481999     
0.011          0.07396308     0.0296204      0.04307373     0.02478687     
0.012          0.07395627     0.02920326     0.04273953     0.02473        
0.013          0.07415319     0.02907208     0.04273243     0.02481563     
0.014          0.07434331     0.02873642     0.04282352     0.0246625      
0.015          0.07458921     0.02845534     0.04301636     0.02476812     
0.016          0.07446227     0.02797464     0.04292527     0.02470749     
0.017          0.07445943     0.02792006     0.04289096     0.02473938     
0.018          0.07459946     0.02752409     0.04337777     0.02479812     
0.019          0.07504513     0.02711999     0.04330975     0.02482313     
0.02           0.07491421     0.026755       0.04343693     0.02467        
0.021          0.07525858     0.02647553     0.04318554     0.02476313     
0.022          0.0753838      0.02605025     0.04351146     0.02466562     
0.023          0.07592739     0.02564695     0.04345763     0.02469124     
0.024          0.07585795     0.02530883     0.04331034     0.02471437     
0.025          0.07614994     0.02478416     0.04335293     0.02455063     
0.026          0.07657059     0.02443464     0.04351678     0.02446874     
0.027          0.07635657     0.02383987     0.04361912     0.02444438     
0.028          0.07696333     0.02336488     0.04399769     0.02423437     
0.029          0.07655579     0.02261941     0.04418756     0.02408125     
0.03           0.07701057     0.0221925      0.04446735     0.0239725      
0.031          0.07741243     0.02164091     0.04482049     0.02384375     
0.032          0.0775291      0.02102906     0.04517363     0.02363374     
0.033          0.07723768     0.02049703     0.04525111     0.02347875     
0.034          0.07693601     0.02003752     0.04574918     0.02349063     
0.035          0.0771153      0.01950062     0.04555989     0.02356187     
0.036          0.0770339      0.01891645     0.04592663     0.02348376     
0.037          0.0768916      0.01844554     0.04593077     0.02333063     
0.038          0.0767493      0.01784345     0.04615614     0.02319125     
0.039          0.07672711     0.01756644     0.04640931     0.02314563     
0.04           0.07676297     0.01671586     0.04667431     0.02294187     
0.041          0.07672768     0.01654557     0.04706649     0.02265188     
0.042          0.07628371     0.01610155     0.0472741      0.02240625     
0.043          0.07617784     0.01556545     0.04831814     0.02227375     
0.044          0.0752341      0.01527868     0.04812175     0.02220187     
0.045          0.07467117     0.01493974     0.04828205     0.02211937     
0.046          0.07400008     0.01469206     0.04854113     0.02202875     
0.047          0.07341097     0.01446721     0.0488718      0.02165187     
0.048          0.07241829     0.01442564     0.04864052     0.02146563     
0.049          0.07202498     0.01436454     0.04889959     0.02122062     
0.05           0.07120761     0.01476294     0.04983064     0.02087312     
0.051          0.07016313     0.01504728     0.05037129     0.02063437     
0.052          0.06881642     0.01532593     0.05051503     0.02042813     
0.053          0.06751467     0.01564774     0.05064103     0.02042937     
0.054          0.06592831     0.01638427     0.05118996     0.020065       
0.055          0.06432489     0.0169554      0.05061322     0.01983499     
0.056          0.06296792     0.0179241      0.05084274     0.01959626     
0.057          0.0613719      0.01944602     0.05072561     0.01941063     
0.058          0.06009234     0.02081315     0.05094802     0.01936313     
0.059          0.05813772     0.02220308     0.05044761     0.01929875     
0.06           0.05563156     0.02398491     0.04986673     0.01905062     
0.061          0.05331891     0.02578871     0.04985608     0.01907813     
0.062          0.05126183     0.02802027     0.04945562     0.018975       
0.063          0.04927761     0.03066897     0.04974843     0.01895001     
0.064          0.04702017     0.03365822     0.04867955     0.01905437     
0.065          0.04529893     0.03591665     0.04843053     0.01913375     
0.066          0.04341317     0.03854824     0.04761423     0.01946187     
0.067          0.04100889     0.04191471     0.04681036     0.01977        
0.068          0.03985228     0.04537895     0.04605144     0.02001812     
0.069          0.0388653      0.0486949      0.04522923     0.02038562     
0.07           0.03728009     0.05134605     0.04376049     0.02064125     
0.071          0.03685205     0.05420087     0.04256089     0.02143937     
0.072          0.03699378     0.05689111     0.04157838     0.02213874     
0.073          0.03740304     0.059539       0.04024924     0.02265813     
0.074          0.03833709     0.06091182     0.03909045     0.02318875     
0.075          0.04032017     0.06158071     0.03811682     0.02399937     
0.076          0.04290602     0.06217873     0.03733838     0.02490563     
0.077          0.04635251     0.06176565     0.03649784     0.02561687     
0.078          0.04982005     0.05949989     0.03605419     0.02605938     
0.079          0.05434402     0.05722515     0.03561765     0.02666        
0.08           0.05899777     0.05417236     0.03555437     0.02693562     
