current        in_3_ch_15_out_1in_3_ch_15_out_2in_3_ch_15_out_3in_3_ch_15_out_4
0.001          0.07595223     0.03192364     0.0417233      0.02494249     
0.002          0.07527121     0.03178678     0.0417233      0.02488188     
0.003          0.07555179     0.03170774     0.04179192     0.02489062     
0.004          0.07599308     0.03175338     0.04155177     0.024815       
0.005          0.07587187     0.03144051     0.04155472     0.02497624     
0.006          0.07610558     0.03140873     0.04165291     0.02500876     
0.007          0.0762991      0.03124172     0.04155294     0.02496875     
0.008          0.07660179     0.03088242     0.04135006     0.02495188     
0.009          0.07654554     0.0305883      0.0413045      0.02509874     
0.01           0.07724731     0.03033492     0.04127138     0.02507625     
0.011          0.07737657     0.03027952     0.04110517     0.0250375      
0.012          0.07755737     0.03009458     0.04127198     0.02508562     
0.013          0.07842521     0.02967989     0.04120158     0.02511312     
0.014          0.07919999     0.02916008     0.04087093     0.02528187     
0.015          0.07900446     0.02876982     0.04076978     0.0252125      
0.016          0.08011004     0.02848873     0.04034625     0.02547312     
0.017          0.08131139     0.02799013     0.04035453     0.02546813     
0.018          0.08115134     0.02783777     0.04006882     0.02552624     
0.019          0.08190067     0.02739782     0.03982276     0.02571874     
0.02           0.08267545     0.0267949      0.03945483     0.025785       
0.021          0.08343147     0.02657982     0.03945779     0.02587812     
0.022          0.08391831     0.02616838     0.03897747     0.025895       
0.023          0.0849529      0.02576102     0.0389485      0.02594625     
0.024          0.08581474     0.02535365     0.03850426     0.02612312     
0.025          0.08607857     0.02490228     0.0384037      0.0262175      
0.026          0.08788393     0.02433442     0.03776604     0.02638        
0.027          0.08863661     0.02379344     0.03740404     0.02661375     
0.028          0.08984063     0.02339503     0.03687168     0.02655999     
0.029          0.09112567     0.02289071     0.03667765     0.02657062     
0.03           0.0922433      0.02226011     0.0361033      0.02667687     
0.031          0.09204174     0.02179978     0.03586609     0.02663188     
0.032          0.09421206     0.02119118     0.03546327     0.02670125     
0.033          0.09514688     0.02084655     0.03503856     0.02672125     
0.034          0.09606295     0.0203512      0.03464283     0.02674438     
0.035          0.09730379     0.02009537     0.03432992     0.02697751     
0.036          0.0990134      0.0199365      0.03384665     0.0272275      
0.037          0.09906764     0.01962609     0.03324981     0.02725563     
0.038          0.1009045      0.0194892      0.03257252     0.02758187     
0.039          0.1020958      0.01934501     0.03198573     0.02783062     
0.04           0.1025464      0.01886675     0.0311789      0.02807063     
0.041          0.1033467      0.01884395     0.03032416     0.02837813     
0.042          0.1035904      0.01884638     0.02973264     0.02840563     
0.043          0.1062991      0.01894335     0.02879213     0.02847375     
0.044          0.1068971      0.0191185      0.02848928     0.028465       
0.045          0.1077355      0.01947128     0.02780784     0.02854501     
0.046          0.1085123      0.02007826     0.02717018     0.02858438     
0.047          0.1089683      0.02093535     0.02647693     0.0286925      
0.048          0.1098241      0.02147879     0.02593214     0.02892125     
0.049          0.1094933      0.02236847     0.02525367     0.02921        
0.05           0.1096225      0.02356939     0.02451309     0.02941374     
0.051          0.1101696      0.02479067     0.02391921     0.02943812     
0.052          0.1093406      0.02599647     0.02334366     0.02941563     
0.053          0.1090185      0.02763408     0.02285388     0.02936062     
0.054          0.1085404      0.02998459     0.02250489     0.02930187     
0.055          0.1073029      0.03200268     0.0219672      0.02925562     
0.056          0.1049565      0.03452834     0.02161111     0.02936062     
0.057          0.1034029      0.0370418      0.02125442     0.02940374     
0.058          0.1012513      0.03967094     0.02118758     0.02940062     
0.059          0.09800491     0.04243777     0.02108761     0.0292975      
0.06           0.09524798     0.04614888     0.02116096     0.02901937     
0.061          0.09241406     0.04931003     0.02127334     0.0285375      
0.062          0.08933371     0.05302928     0.02173651     0.02841375     
0.063          0.08581407     0.05690742     0.02215116     0.02829188     
0.064          0.08096384     0.06099493     0.02283318     0.02802        
0.065          0.07726205     0.06430844     0.02375062     0.02777375     
0.066          0.07221495     0.06771728     0.02474615     0.02727687     
0.067          0.06706674     0.0720761      0.02604276     0.02665062     
0.068          0.06700447     0.07533339     0.02713707     0.02656313     
0.069          0.05696116     0.07834546     0.02857031     0.0262425      
0.07           0.05239152     0.08056724     0.03053711     0.02578562     
0.071          0.04692723     0.08330066     0.03261984     0.02521625     
0.072          0.04257255     0.08523646     0.03434826     0.02474875     
0.073          0.03902478     0.08637302     0.03608791     0.02436437     
0.074          0.03476183     0.08582632     0.0383132      0.02410688     
0.075          0.03266117     0.08476555     0.03973994     0.023795       
0.076          0.03152478     0.08269206     0.04140093     0.02347625     
0.077          0.03223527     0.07905346     0.04294124     0.02327438     
0.078          0.03445245     0.07406566     0.04379183     0.02370062     
0.079          0.03745379     0.06831203     0.04466966     0.02392375     
0.08           0.04383013     0.06226428     0.0445691      0.02406375     
