current        in_3_ch_9_out_1in_3_ch_9_out_2in_3_ch_9_out_3in_3_ch_9_out_4
0.001          0.07189634     0.03051823     0.04246152     0.02499        
0.002          0.07132258     0.03067304     0.04236865     0.0249975      
0.003          0.07098733     0.03056386     0.04235505     0.02501687     
0.004          0.0712594      0.03056386     0.04222136     0.02497937     
0.005          0.07101408     0.03048239     0.04238166     0.02500375     
0.006          0.07130153     0.03075695     0.04246861     0.02502625     
0.007          0.0705536      0.03070319     0.04264312     0.02495937     
0.008          0.07113589     0.03058179     0.04228051     0.02499125     
0.009          0.07083137     0.03069991     0.04280104     0.024945       
0.01           0.07168062     0.03102825     0.04275846     0.02493813     
0.011          0.07032307     0.03101114     0.04303885     0.02500188     
0.012          0.06990472     0.0310136      0.04297673     0.02503562     
0.013          0.07002255     0.03119854     0.04302345     0.02500625     
0.014          0.0699827      0.03120343     0.04285311     0.02520812     
0.015          0.069323       0.03122625     0.04350614     0.025235       
0.016          0.06931902     0.03157005     0.04338902     0.02528688     
0.017          0.06874014     0.03152931     0.04333104     0.025475       
0.018          0.06869461     0.03195217     0.04374157     0.02556624     
0.019          0.06816924     0.03210451     0.04382556     0.02565125     
0.02           0.06762167     0.03233184     0.04382142     0.02583063     
0.021          0.06739286     0.03254528     0.04391192     0.02585313     
0.022          0.067246       0.03261372     0.04388767     0.02591688     
0.023          0.06655842     0.03279215     0.04419526     0.02598313     
0.024          0.06623682     0.03316612     0.04433604     0.02626874     
0.025          0.06640758     0.03346186     0.04438987     0.02632126     
0.026          0.06562835     0.0335026      0.04439459     0.02621125     
0.027          0.06497718     0.03350586     0.04490271     0.02637124     
0.028          0.06432944     0.03370954     0.04509496     0.02625625     
0.029          0.06378301     0.03376005     0.04503936     0.0262075      
0.03           0.06328724     0.03392627     0.04574563     0.02635438     
0.031          0.06261387     0.03382116     0.04591243     0.02648374     
0.032          0.06185912     0.03405906     0.04619281     0.02659687     
0.033          0.06151021     0.03435889     0.04662285     0.02661624     
0.034          0.06054997     0.0347027      0.04656902     0.02661687     
0.035          0.05998989     0.03489253     0.04720431     0.02686875     
0.036          0.05914748     0.03495935     0.04754562     0.02703124     
0.037          0.05810585     0.03528034     0.04776211     0.0272675      
0.038          0.05735166     0.03534308     0.04823887     0.02738062     
0.039          0.05635329     0.03549706     0.0479579      0.0274325      
0.04           0.05530312     0.03546692     0.04866121     0.0274575      
0.041          0.05463489     0.03514918     0.04905162     0.02745312     
0.042          0.05349592     0.0351785      0.04975789     0.02727125     
0.043          0.05293071     0.03520783     0.05009565     0.02734249     
0.044          0.05138763     0.03529012     0.05091312     0.02745125     
0.045          0.05080192     0.03536915     0.05169392     0.027675       
0.046          0.05075125     0.03527383     0.05171936     0.02774188     
0.047          0.04853139     0.03523879     0.05244161     0.02764563     
0.048          0.04766621     0.03502778     0.05260842     0.02765062     
0.049          0.04655742     0.03477766     0.0531325      0.02758        
0.05           0.04553685     0.03446805     0.05387249     0.027395       
0.051          0.04467793     0.0339727      0.05436878     0.02729813     
0.052          0.04382755     0.03365169     0.05537139     0.02749063     
0.053          0.04291854     0.03346919     0.05586532     0.02751688     
0.054          0.04238351     0.03300562     0.05640596     0.02756124     
0.055          0.04175454     0.03216644     0.05652723     0.0275125      
0.056          0.0412656      0.03131912     0.05672716     0.0271625      
0.057          0.04107719     0.03026811     0.05717789     0.02689126     
0.058          0.04036171     0.02960411     0.05808054     0.02669249     
0.059          0.03999686     0.0286305      0.05846089     0.02671438     
0.06           0.04015737     0.02774488     0.05911038     0.02670875     
0.061          0.04026894     0.02668085     0.05903526     0.02630375     
0.062          0.04066624     0.02528033     0.05910091     0.025905       
0.063          0.04125251     0.02422361     0.05926477     0.025615       
0.064          0.04233228     0.02264141     0.05960311     0.02562438     
0.065          0.04349685     0.02161566     0.05934757     0.02524875     
0.066          0.04483844     0.0205614      0.05888205     0.02494563     
0.067          0.04672705     0.01888957     0.05834081     0.02426812     
0.068          0.04899756     0.01764547     0.05771203     0.02392126     
0.069          0.05101423     0.01675904     0.05695016     0.02381312     
0.07           0.05379418     0.0157887      0.05519157     0.02363625     
0.071          0.05741769     0.01478738     0.05471954     0.02323249     
0.072          0.06015723     0.01422849     0.05352823     0.02295062     
0.073          0.06395092     0.01404109     0.05236708     0.02269687     
0.074          0.06809923     0.01407694     0.05085633     0.02286124     
0.075          0.0715218      0.01429774     0.04887239     0.02284438     
0.076          0.07420386     0.01526646     0.04765741     0.02266249     
0.077          0.0781706      0.01654966     0.04591776     0.02305437     
0.078          0.08064033     0.01779863     0.04426506     0.02326375     
0.079          0.08344476     0.02003101     0.04278862     0.02349124     
0.08           0.08469301     0.02230491     0.0414447      0.02398562     
