current        in_3_ch_14_out_1in_3_ch_14_out_2in_3_ch_14_out_3in_3_ch_14_out_4
0.001          0.07386177     0.03164664     0.04238343     0.0249975      
0.002          0.07394203     0.0315228      0.04222965     0.0248975      
0.003          0.07360734     0.0316328      0.04258455     0.02492563     
0.004          0.07367451     0.03163605     0.04261354     0.02492125     
0.005          0.07330908     0.03173627     0.04265376     0.02490937     
0.006          0.07338536     0.03183647     0.04282235     0.0247225      
0.007          0.07287309     0.03185277     0.04336299     0.02471187     
0.008          0.07269947     0.03173627     0.04331507     0.02464313     
0.009          0.07232551     0.03162627     0.04337186     0.024375       
0.01           0.07154743     0.03182263     0.043502       0.02435125     
0.011          0.07078129     0.03181447     0.04359605     0.02415749     
0.012          0.07101011     0.03206868     0.04433072     0.0240725      
0.013          0.07083878     0.03217947     0.04440288     0.02398312     
0.014          0.0707403      0.03224791     0.04470751     0.023845       
0.015          0.0701785      0.0323408      0.04500209     0.02373875     
0.016          0.06974819     0.03254285     0.04539604     0.02339        
0.017          0.06956093     0.03261128     0.04609995     0.02345313     
0.018          0.06877144     0.03262676     0.04631111     0.02332625     
0.019          0.06819087     0.03277015     0.0467234      0.02321563     
0.02           0.06724998     0.03318812     0.04688903     0.02311875     
0.021          0.06661931     0.0333095      0.04758229     0.022995       
0.022          0.06595621     0.03360362     0.04774791     0.02277375     
0.023          0.06499483     0.03361993     0.04865294     0.02253312     
0.024          0.06409436     0.03372829     0.04892208     0.02230688     
0.025          0.06328496     0.03396374     0.04954791     0.0221325      
0.026          0.06226838     0.03417882     0.04982177     0.02195875     
0.027          0.06222342     0.03439555     0.0506428      0.02169437     
0.028          0.06013389     0.03421304     0.05121007     0.02149813     
0.029          0.05938654     0.03445258     0.05187256     0.02110688     
0.03           0.058358       0.03465381     0.05263445     0.02081375     
0.031          0.05702324     0.03464159     0.05413098     0.02056562     
0.032          0.05624059     0.03480535     0.05436227     0.02048625     
0.033          0.05491152     0.03502207     0.0558801      0.0199725      
0.034          0.0536109      0.03527138     0.05687976     0.0197925      
0.035          0.05226987     0.0354107      0.05768423     0.01964875     
0.036          0.05100796     0.03556632     0.05844137     0.01953437     
0.037          0.04920817     0.03573985     0.05909736     0.01952188     
0.038          0.0476406      0.0359688      0.0607684      0.01923312     
0.039          0.04647147     0.03612116     0.06168585     0.01918625     
0.04           0.04491871     0.03663198     0.06238443     0.0189325      
0.041          0.04329592     0.03677945     0.06319067     0.018905       
0.042          0.04173576     0.03659043     0.06374846     0.01885437     
0.043          0.03963372     0.03656111     0.06479783     0.01885062     
0.044          0.03815039     0.0368373      0.06608497     0.0188225      
0.045          0.03672285     0.03688781     0.06743718     0.01888749     
0.046          0.03522985     0.03702957     0.06868705     0.01892875     
0.047          0.03352965     0.03701166     0.06952701     0.01916625     
0.048          0.03180613     0.03704668     0.0700925      0.01938        
0.049          0.03029548     0.03707927     0.07005583     0.01965062     
0.05           0.02842567     0.0371526      0.07099043     0.01987812     
0.051          0.02715181     0.03713224     0.07142342     0.02042312     
0.052          0.02586941     0.037164       0.0715991      0.02091438     
0.053          0.02485282     0.03685685     0.07238226     0.02163499     
0.054          0.02337349     0.03645682     0.0727496      0.022325       
0.055          0.0224861      0.03599568     0.07319383     0.0230175      
0.056          0.02183893     0.03586125     0.07330149     0.02369563     
0.057          0.02127656     0.0354767      0.07216872     0.02482687     
0.058          0.02101588     0.0352282      0.07222255     0.02587812     
0.059          0.02110751     0.03482246     0.07183452     0.02708374     
0.06           0.02136023     0.03408024     0.07052726     0.0285925      
0.061          0.02210929     0.03361665     0.07013687     0.030055       
0.062          0.02317255     0.03254039     0.06834751     0.03113562     
0.063          0.02478452     0.03211186     0.06687109     0.03278812     
0.064          0.02668166     0.03116839     0.06507051     0.03467125     
0.065          0.02954585     0.03049297     0.06250687     0.03654437     
0.066          0.03225408     0.02960981     0.06061047     0.03838687     
0.067          0.03592483     0.0283095      0.05811723     0.04011813     
0.068          0.03977545     0.02728131     0.05476153     0.04139        
0.069          0.04415939     0.02649671     0.05131891     0.043095       
0.07           0.04896228     0.0257716      0.04799339     0.04502688     
0.071          0.05311286     0.02509457     0.04448628     0.04685562     
0.072          0.05960625     0.02439226     0.04081236     0.04755812     
0.073          0.06535969     0.02372419     0.03767259     0.04800437     
0.074          0.0717085      0.02338688     0.03415601     0.0488225      
0.075          0.07673393     0.02348057     0.03112745     0.04940813     
0.076          0.08154649     0.02348628     0.02842658     0.04884687     
0.077          0.08661063     0.02394823     0.0261238      0.04767125     
0.078          0.09015389     0.02463669     0.02512767     0.04683562     
0.079          0.09248418     0.0261749      0.02463553     0.04495063     
0.08           0.0928792      0.02771637     0.02533708     0.04213375     
