current        in_4_ch_11_out_1in_4_ch_11_out_2in_4_ch_11_out_3in_4_ch_11_out_4
0.001          0.05998669     0.0600865      0.03324981     0.02490624     
0.002          0.06016541     0.06002783     0.03335096     0.02506312     
0.003          0.05953578     0.05991132     0.03337757     0.02505125     
0.004          0.05933687     0.05979156     0.03323679     0.02531062     
0.005          0.05913647     0.0593785      0.03329062     0.02544687     
0.006          0.05907216     0.05934917     0.03347577     0.02539374     
0.007          0.05913946     0.05887091     0.03346453     0.02521812     
0.008          0.05898841     0.05882204     0.03340952     0.02546938     
0.009          0.05911628     0.05882366     0.03330304     0.0256525      
0.01           0.05879699     0.05874462     0.03324389     0.02568562     
0.011          0.05887849     0.05866642     0.03338822     0.02561687     
0.012          0.05844254     0.05842932     0.03307649     0.02568        
0.013          0.05849713     0.05860694     0.03346867     0.02556375     
0.014          0.05872819     0.05814255     0.03333913     0.02567125     
0.015          0.05894504     0.05822565     0.03349115     0.02566625     
0.016          0.05889046     0.05832016     0.03351658     0.02559312     
0.017          0.05906095     0.05781747     0.03367452     0.0255575      
0.018          0.05912825     0.05777672     0.03354734     0.02560312     
0.019          0.05920751     0.057714       0.03357514     0.02572875     
0.02           0.05917312     0.05699296     0.03352368     0.02584063     
0.021          0.05896375     0.05675424     0.03340064     0.02590437     
0.022          0.05908937     0.05644383     0.0334669      0.02594563     
0.023          0.05917909     0.05599409     0.0335367      0.02596188     
0.024          0.05943484     0.05578634     0.0336272      0.0259925      
0.025          0.05962402     0.05539689     0.03354971     0.02595749     
0.026          0.06009511     0.05499034     0.03360768     0.02602563     
0.027          0.06021701     0.05458787     0.03363371     0.02603312     
0.028          0.06069856     0.0541528      0.03381234     0.02623        
0.029          0.06084289     0.05355559     0.03372421     0.02633499     
0.03           0.06134538     0.05299424     0.03375379     0.02618687     
0.031          0.0617402      0.05261296     0.03357396     0.02614562     
0.032          0.06249171     0.05188784     0.03331133     0.0263325      
0.033          0.06305852     0.05099082     0.0333137      0.02639124     
0.034          0.06377412     0.05040096     0.03338822     0.0264         
0.035          0.06449647     0.04961637     0.0329363      0.0262675      
0.036          0.06534295     0.04885786     0.03306703     0.0263425      
0.037          0.06643245     0.04809037     0.03274052     0.02642625     
0.038          0.0671361      0.04708093     0.03259323     0.02651938     
0.039          0.06796163     0.04614399     0.03263405     0.02642375     
0.04           0.06943025     0.04475893     0.03231521     0.02648125     
0.041          0.07058704     0.04351158     0.03224836     0.02651313     
0.042          0.07214689     0.04227889     0.032023       0.02640562     
0.043          0.0737344      0.04054188     0.03181834     0.02647187     
0.044          0.0734465      0.03934178     0.03144331     0.026365       
0.045          0.0770014      0.03811154     0.03101861     0.02616625     
0.046          0.07879679     0.03678352     0.03056195     0.02612        
0.047          0.07855749     0.03494631     0.03010886     0.02604437     
0.048          0.08257227     0.03369405     0.02958062     0.02600999     
0.049          0.08475426     0.03240842     0.02935112     0.0257925      
0.05           0.08729068     0.03047832     0.02889564     0.02572625     
0.051          0.09039018     0.02907454     0.0284313      0.02552375     
0.052          0.09246749     0.02756809     0.02778181     0.02521187     
0.053          0.09521553     0.02567953     0.02717078     0.02504562     
0.054          0.09793291     0.02400691     0.02660056     0.02467812     
0.055          0.1006503      0.02246705     0.02606169     0.0242475      
0.056          0.1041618      0.02105267     0.02559912     0.02399499     
0.057          0.1072209      0.01990716     0.02508923     0.02373125     
0.058          0.1103294      0.01856612     0.02444388     0.023255       
0.059          0.112569       0.01750696     0.02373466     0.02294749     
0.06           0.11583        0.01638019     0.02314728     0.02245125     
0.061          0.1177577      0.01563716     0.02261787     0.02212687     
0.062          0.1191703      0.01525668     0.02204942     0.02147375     
0.063          0.1218772      0.01510514     0.02167794     0.0210925      
0.064          0.1237137      0.01533408     0.0211864      0.02064812     
0.065          0.1240569      0.01552554     0.0206629      0.02029937     
0.066          0.1240816      0.0165741      0.0203423      0.01980125     
0.067          0.1237504      0.01801617     0.02024884     0.01945376     
0.068          0.1238356      0.02004323     0.0202719      0.01907563     
0.069          0.122844       0.02213301     0.02027664     0.01890313     
0.07           0.1199681      0.02466438     0.0206073      0.01883812     
0.071          0.1169516      0.0285083      0.02109294     0.01861188     
0.072          0.1135523      0.03248092     0.02154603     0.01871812     
0.073          0.1093753      0.03598834     0.02241321     0.01889313     
0.074          0.1032361      0.04061684     0.02357731     0.01904624     
0.075          0.0958601      0.0450555      0.0244078      0.01951313     
0.076          0.08975907     0.04908842     0.02555594     0.01993875     
0.077          0.08230681     0.05299995     0.02715659     0.02066313     
0.078          0.07576309     0.05653344     0.02847803     0.02147876     
0.079          0.06917078     0.05880819     0.0295061      0.02239875     
0.08           0.06426916     0.05996754     0.03097187     0.02330125     
