current        in_4_ch_16_out_1in_4_ch_16_out_2in_4_ch_16_out_3in_4_ch_16_out_4
0.001          0.05931369     0.05958544     0.03377568     0.024755       
0.002          0.05916638     0.05978831     0.03364021     0.02496249     
0.003          0.05844254     0.05945508     0.03354438     0.0249575      
0.004          0.05872295     0.05945019     0.03355208     0.02491        
0.005          0.05887699     0.05948115     0.03371356     0.02490188     
0.006          0.05886354     0.05962047     0.03368458     0.02486312     
0.007          0.05871773     0.05978667     0.03357041     0.02477062     
0.008          0.05855098     0.05977609     0.03346453     0.02477187     
0.009          0.0586908      0.0597386      0.03352487     0.02475374     
0.01           0.05862724     0.05983799     0.03368694     0.02452312     
0.011          0.05883512     0.06011828     0.03353788     0.02474563     
0.012          0.05851208     0.05995696     0.03346513     0.02483374     
0.013          0.05836403     0.05989748     0.03348168     0.02498624     
0.014          0.05811203     0.05997161     0.03343436     0.02496625     
0.015          0.05819354     0.05991948     0.03335273     0.02492125     
0.016          0.05812773     0.06067635     0.03322379     0.02490437     
0.017          0.05829524     0.06052563     0.03304929     0.02481875     
0.018          0.05838871     0.06095337     0.03299724     0.024705       
0.019          0.05843657     0.06101936     0.0328671      0.02477062     
0.02           0.05854275     0.06108291     0.03285112     0.02468437     
0.021          0.05814867     0.06130208     0.0327411      0.02490375     
0.022          0.05791088     0.06149191     0.0327482      0.02502312     
0.023          0.05760206     0.06158153     0.03257607     0.02504125     
0.024          0.05752429     0.06205163     0.03250982     0.02506187     
0.025          0.057202       0.06204103     0.03244357     0.02515        
0.026          0.05711152     0.06227324     0.03225961     0.02525        
0.027          0.05707338     0.06270912     0.03218626     0.02509937     
0.028          0.05706964     0.06314664     0.03201591     0.02527187     
0.029          0.05690663     0.06331608     0.03187571     0.02518063     
0.03           0.0567324      0.06359798     0.0317716      0.02511125     
0.031          0.05668305     0.0641683      0.03164207     0.02522063     
0.032          0.05594501     0.064649       0.03124102     0.02528        
0.033          0.05580891     0.06503762     0.03119428     0.02535938     
0.034          0.05573338     0.06557047     0.03109786     0.02524        
0.035          0.05527649     0.06616765     0.03073704     0.02530437     
0.036          0.0549056      0.06673063     0.03066665     0.02546312     
0.037          0.05411372     0.06726754     0.03034782     0.02522313     
0.038          0.0538879      0.06798451     0.0301964      0.02539687     
0.039          0.05410923     0.06876177     0.03004261     0.02510125     
0.04           0.05305637     0.06970195     0.02991365     0.02496875     
0.041          0.05253892     0.07018347     0.02975216     0.02502813     
0.042          0.0527296      0.07097865     0.0296173      0.02502        
0.043          0.05199604     0.07179745     0.02927776     0.0249125      
0.044          0.05106955     0.07241094     0.02926476     0.02494563     
0.045          0.05014008     0.07334708     0.02900449     0.02490437     
0.046          0.04967572     0.07445022     0.02865904     0.02487188     
0.047          0.04860491     0.07543279     0.02845378     0.02470187     
0.048          0.04810989     0.07610657     0.02813555     0.02456063     
0.049          0.04714602     0.07702233     0.02817813     0.02440562     
0.05           0.04651939     0.07835525     0.02785813     0.0241225      
0.051          0.04573572     0.0795537      0.02786818     0.02397812     
0.052          0.04510387     0.08035214     0.02778715     0.02392438     
0.053          0.04453332     0.08147404     0.027909       0.02346751     
0.054          0.04349616     0.08250874     0.02764222     0.02332063     
0.055          0.04243508     0.08413738     0.02739674     0.02310812     
0.056          0.04144429     0.08509632     0.02749375     0.02286063     
0.057          0.04036601     0.08591921     0.02764754     0.02241125     
0.058          0.03979994     0.08665653     0.02776526     0.02226        
0.059          0.03994875     0.08732218     0.02779957     0.0218375      
0.06           0.03813915     0.08793485     0.02813851     0.02146249     
0.061          0.03760673     0.08884899     0.02830177     0.02122563     
0.062          0.03696814     0.0889549      0.0285218      0.02080875     
0.063          0.03633777     0.0893036      0.02869571     0.020535       
0.064          0.03611195     0.0888001      0.02939489     0.02028249     
0.065          0.03609251     0.08839843     0.02995742     0.01997937     
0.066          0.03619121     0.08776212     0.03057556     0.0196475      
0.067          0.03659726     0.08712501     0.03101979     0.01937688     
0.068          0.03686645     0.08585321     0.03166632     0.01916        
0.069          0.0375372      0.08416183     0.03234065     0.01900125     
0.07           0.03868203     0.08177141     0.03316758     0.01887938     
0.071          0.04034282     0.07972071     0.03374786     0.01886625     
0.072          0.04147196     0.07755272     0.03430685     0.01897687     
0.073          0.04332792     0.07471094     0.03488595     0.01909437     
0.074          0.04547849     0.07131839     0.03578269     0.01940749     
0.075          0.0454067      0.06886523     0.03604        0.0197575      
0.076          0.04885018     0.06652126     0.0361512      0.02026937     
0.077          0.05111517     0.06341956     0.03621924     0.02075999     
0.078          0.05312293     0.06170375     0.0363748      0.02149249     
0.079          0.05487121     0.05994963     0.03600155     0.02225688     
0.08           0.05560029     0.05893284     0.03534911     0.02308687     
