current        in_4_ch_10_out_1in_4_ch_10_out_2in_4_ch_10_out_3in_4_ch_10_out_4
0.001          0.06038973     0.06036595     0.03339828     0.02489875     
0.002          0.06014971     0.06041402     0.03327879     0.02506438     
0.003          0.05997172     0.06005146     0.03330423     0.02503625     
0.004          0.06005623     0.06032602     0.03334564     0.0251375      
0.005          0.06011081     0.06027877     0.03323029     0.02516688     
0.006          0.06006147     0.06001479     0.0332581      0.02520124     
0.007          0.06006894     0.05995207     0.03305461     0.02521437     
0.008          0.06005698     0.05986407     0.03327584     0.02525562     
0.009          0.05985657     0.05986245     0.03321669     0.02535374     
0.01           0.05987227     0.05989096     0.03339709     0.02525187     
0.011          0.05990816     0.05972638     0.03353196     0.02509813     
0.012          0.06001286     0.05963105     0.03333203     0.02535563     
0.013          0.06000165     0.05928399     0.03346571     0.02518187     
0.014          0.06006595     0.0588864      0.03342727     0.02548563     
0.015          0.0598835      0.05893609     0.03343791     0.02559937     
0.016          0.05978703     0.05865746     0.03341543     0.02555687     
0.017          0.05963822     0.05854828     0.0334456      0.0256675      
0.018          0.05993061     0.0584106      0.03337462     0.02562813     
0.019          0.05989173     0.0582118      0.03334741     0.02569625     
0.02           0.05999117     0.05770747     0.0335503      0.02574562     
0.021          0.05988125     0.0576146      0.03353079     0.02578375     
0.022          0.05983788     0.05755594     0.03368754     0.02583375     
0.023          0.06012503     0.05722841     0.03363726     0.02586313     
0.024          0.06033066     0.05708176     0.03374018     0.02587749     
0.025          0.06057518     0.05643405     0.03362129     0.02584938     
0.026          0.06072472     0.05599166     0.03379814     0.026005       
0.027          0.0608369      0.05539038     0.0337455      0.02606875     
0.028          0.06115395     0.05504575     0.03380939     0.02629937     
0.029          0.0612893      0.05444937     0.03400045     0.02594062     
0.03           0.06181424     0.05389697     0.03383838     0.02635499     
0.031          0.06191743     0.05310017     0.03393774     0.02642938     
0.032          0.06225467     0.05257711     0.03374137     0.0265925      
0.033          0.06260238     0.05192207     0.03381471     0.02657999     
0.034          0.06322302     0.05119369     0.03376325     0.02656938     
0.035          0.06409418     0.05050933     0.03389574     0.02666687     
0.036          0.0644075      0.0495846      0.03388568     0.02666062     
0.037          0.06524723     0.04880572     0.03423883     0.02679375     
0.038          0.06565701     0.04780196     0.03386499     0.02698688     
0.039          0.0662455      0.04688702     0.03404245     0.02703688     
0.04           0.0671047      0.04577165     0.0339685      0.02700749     
0.041          0.06788012     0.04430921     0.03381294     0.02699562     
0.042          0.06892923     0.04297794     0.03380465     0.02705125     
0.043          0.069763       0.04165888     0.03367807     0.02716875     
0.044          0.07098636     0.04035775     0.03355563     0.02719062     
0.045          0.07198911     0.03895316     0.03351954     0.0273675      
0.046          0.07291784     0.03748419     0.03357692     0.0274475      
0.047          0.07491289     0.03607308     0.03352487     0.02745438     
0.048          0.07670602     0.03464649     0.03344915     0.02746438     
0.049          0.078055       0.03320277     0.03350298     0.02720375     
0.05           0.08008519     0.03136393     0.03343555     0.027245       
0.051          0.08118217     0.02963996     0.0329996      0.02739562     
0.052          0.08211463     0.02773512     0.03279967     0.02745312     
0.053          0.08387637     0.02613823     0.0327204      0.02741937     
0.054          0.0860307      0.02433035     0.03235307     0.02717626     
0.055          0.08836597     0.02254363     0.03225015     0.02714687     
0.056          0.09001854     0.02105838     0.03198101     0.0268125      
0.057          0.0925288      0.01933848     0.03168229     0.02666375     
0.058          0.09403705     0.01784752     0.03112449     0.02652062     
0.059          0.0957756      0.01669957     0.03061342     0.02630438     
0.06           0.09835092     0.01545384     0.0303354      0.02586938     
0.061          0.1003923      0.01442483     0.02997872     0.02571499     
0.062          0.1020015      0.01350418     0.02966402     0.0252425      
0.063          0.1030103      0.01301779     0.02923577     0.02494437     
0.064          0.104019       0.01261695     0.02866791     0.02456562     
0.065          0.1061359      0.01258842     0.02841711     0.02400625     
0.066          0.1075028      0.01301208     0.02815802     0.023615       
0.067          0.1078498      0.01404435     0.02776526     0.023045       
0.068          0.1073301      0.01537726     0.02735711     0.02260437     
0.069          0.1070976      0.01684622     0.02690519     0.02232187     
0.07           0.1069876      0.01899303     0.02690283     0.02193999     
0.071          0.1059131      0.0218552      0.02679339     0.02135312     
0.072          0.1030656      0.02477274     0.02662895     0.02096063     
0.073          0.1000805      0.02828587     0.02665024     0.02062625     
0.074          0.09758297     0.03250374     0.02683953     0.02048375     
0.075          0.09370878     0.03644704     0.0269945      0.02042187     
0.076          0.08927976     0.0406918      0.02736894     0.0204975      
0.077          0.08446262     0.04585068     0.0279019      0.02046937     
0.078          0.08040449     0.04965548     0.02863597     0.02074125     
0.079          0.07630223     0.05335193     0.02932982     0.02145625     
0.08           0.06998734     0.05652041     0.02996629     0.02224937     
