current        in_4_ch_6_out_1in_4_ch_6_out_2in_4_ch_6_out_3in_4_ch_6_out_4
0.001          0.05961729     0.06010768     0.03204133     0.02491937     
0.002          0.05954626     0.06039609     0.03209871     0.02497813     
0.003          0.0595971      0.06021278     0.03197272     0.02499562     
0.004          0.05935332     0.06036023     0.03195617     0.02497813     
0.005          0.05913274     0.06015168     0.03209635     0.02496125     
0.006          0.0591133      0.06028366     0.03216496     0.0250675      
0.007          0.05860855     0.06000339     0.0323992      0.02496813     
0.008          0.05823392     0.06006857     0.03239803     0.02507063     
0.009          0.05820699     0.06001888     0.03240039     0.02502813     
0.01           0.0581225      0.05999768     0.03239152     0.02502937     
0.011          0.05779048     0.06009382     0.03270207     0.02513        
0.012          0.05739043     0.06017368     0.03286296     0.02512874     
0.013          0.0573209      0.06088329     0.03313387     0.02504063     
0.014          0.05713619     0.06093871     0.03325631     0.02503501     
0.015          0.05682588     0.06086375     0.03359349     0.0250525      
0.016          0.05636076     0.06120838     0.03362305     0.02517313     
0.017          0.05602352     0.06111876     0.03374137     0.02512187     
0.018          0.05598539     0.06117009     0.03423409     0.02534313     
0.019          0.05491981     0.06116358     0.03438671     0.02519875     
0.02           0.054436       0.06136563     0.03439499     0.02564125     
0.021          0.05345569     0.06091344     0.0347919      0.02580812     
0.022          0.05280812     0.06087842     0.03494096     0.02584125     
0.023          0.05228169     0.06104869     0.03521956     0.02582625     
0.024          0.05170739     0.06105033     0.03546859     0.02588313     
0.025          0.05090355     0.06094848     0.03583119     0.02595563     
0.026          0.04998978     0.06103403     0.03603172     0.02618375     
0.027          0.04932352     0.06106418     0.03614056     0.02642437     
0.028          0.04865576     0.06105115     0.03648837     0.02645376     
0.029          0.04793865     0.06105033     0.03674568     0.026655       
0.03           0.04715199     0.06129719     0.0375324      0.02681        
0.031          0.04637358     0.06107722     0.03770631     0.02719062     
0.032          0.04510836     0.06039365     0.03819135     0.02752812     
0.033          0.04421477     0.06000503     0.03854448     0.02778812     
0.034          0.04341689     0.05999768     0.0392129      0.02822812     
0.035          0.0422444      0.05957891     0.03944596     0.02846438     
0.036          0.04123417     0.05909496     0.03999903     0.02889437     
0.037          0.04021122     0.05872508     0.04033915     0.029405       
0.038          0.03915836     0.05835356     0.04081827     0.02977687     
0.039          0.0380195      0.05793968     0.04104838     0.03026        
0.04           0.03639087     0.05726019     0.04135774     0.03104375     
0.041          0.035427       0.0566687      0.04207052     0.03166125     
0.042          0.03440854     0.05620022     0.04257154     0.0323475      
0.043          0.03348954     0.05528202     0.04280164     0.03307813     
0.044          0.03250696     0.05470682     0.04383148     0.03404749     
0.045          0.03161414     0.05410311     0.04421536     0.03490876     
0.046          0.03050594     0.05319468     0.04438513     0.03582187     
0.047          0.02944933     0.0519848      0.04465073     0.03684187     
0.048          0.02851014     0.05091994     0.04485066     0.03790187     
0.049          0.0276188      0.0497174      0.04520793     0.03896062     
0.05           0.02678504     0.04843745     0.04559597     0.04042812     
0.051          0.02619656     0.04726912     0.04597631     0.04155751     
0.052          0.02538747     0.04582379     0.04593905     0.042885       
0.053          0.02471597     0.04417151     0.04568529     0.04406187     
0.054          0.02466362     0.04215505     0.04589824     0.04528687     
0.055          0.02426956     0.04049462     0.04528069     0.04682749     
0.056          0.02422619     0.03854905     0.04543863     0.04806062     
0.057          0.02445799     0.03630691     0.04523278     0.04957813     
0.058          0.02462175     0.03476625     0.04472585     0.05116563     
0.059          0.02528278     0.03307405     0.04418698     0.0523125      
0.06           0.02652033     0.03097203     0.04337304     0.05378        
0.061          0.02777359     0.02890751     0.04280993     0.05488063     
0.062          0.0290104      0.02681936     0.0420232      0.05616875     
0.063          0.03081627     0.02549785     0.04089103     0.05733562     
0.064          0.03314407     0.02370626     0.03930695     0.058205       
0.065          0.03597735     0.02231715     0.03818839     0.05831249     
0.066          0.03828646     0.02134436     0.03684505     0.05866999     
0.067          0.04138147     0.0208938      0.03522194     0.05913        
0.068          0.04498197     0.02043918     0.03353966     0.05893375     
0.069          0.04869241     0.02045303     0.03186211     0.05818188     
0.07           0.05195192     0.0210266      0.03021473     0.05725312     
0.071          0.05612671     0.02218433     0.02812845     0.05630625     
0.072          0.0599822      0.02345614     0.02651302     0.0541875      
0.073          0.0633464      0.02559645     0.0252726      0.05197438     
0.074          0.06540576     0.0290509      0.02384645     0.049535       
0.075          0.06893522     0.03215829     0.02286513     0.04659562     
0.076          0.07103422     0.03546855     0.02250134     0.04327438     
0.077          0.07170496     0.04043433     0.02233749     0.0398         
0.078          0.07186199     0.04420004     0.02277225     0.03618499     
0.079          0.07080913     0.04826637     0.02366722     0.03291688     
0.08           0.06802445     0.05242393     0.02523416     0.03003563     
