current        in_4_ch_5_out_1in_4_ch_5_out_2in_4_ch_5_out_3in_4_ch_5_out_4
0.001          0.06038449     0.0609998      0.03187985     0.02499312     
0.002          0.06035833     0.06104055     0.031842       0.02495188     
0.003          0.06037553     0.06104218     0.03195557     0.02500188     
0.004          0.06033515     0.06085479     0.03187039     0.02510375     
0.005          0.06028355     0.06054438     0.03174203     0.02512375     
0.006          0.06056995     0.05990807     0.03145397     0.02504874     
0.007          0.06071278     0.05981845     0.03173671     0.02497562     
0.008          0.0612235      0.05952677     0.0316184      0.02494563     
0.009          0.0613065      0.05935161     0.03143385     0.02498249     
0.01           0.06158766     0.05939315     0.03158588     0.02494813     
0.011          0.06232345     0.05926361     0.03136464     0.02493563     
0.012          0.06248198     0.05878048     0.03121144     0.02495        
0.013          0.06329332     0.05854503     0.03122918     0.02495188     
0.014          0.06342418     0.0584937      0.03122918     0.02495624     
0.015          0.06426018     0.05847657     0.0310748      0.02495062     
0.016          0.06468266     0.0575266      0.03093639     0.02488312     
0.017          0.06534968     0.05750787     0.03082636     0.0247825      
0.018          0.06617745     0.05690252     0.03070628     0.02482188     
0.019          0.06667472     0.05647479     0.03044957     0.02472812     
0.02           0.06768496     0.0562214      0.03031825     0.0247325      
0.021          0.06851348     0.05574397     0.03016563     0.02468313     
0.022          0.06848133     0.05474429     0.03007987     0.02453625     
0.023          0.07009726     0.0541699      0.03001657     0.02456312     
0.024          0.07133705     0.05357027     0.02986337     0.02450937     
0.025          0.07255068     0.05307491     0.02952975     0.024415       
0.026          0.07399612     0.05265451     0.0295061      0.02438687     
0.027          0.07503776     0.05189844     0.02925885     0.02438188     
0.028          0.07668957     0.05126376     0.02917307     0.02433188     
0.029          0.07807519     0.05079121     0.02874954     0.02431312     
0.03           0.07990572     0.04981355     0.02865075     0.02435937     
0.031          0.08131304     0.04943876     0.02858037     0.02431624     
0.032          0.08313458     0.048501       0.02851708     0.02429999     
0.033          0.08453217     0.04738808     0.02805392     0.02420938     
0.034          0.08672538     0.04633218     0.02780074     0.02414938     
0.035          0.08798759     0.04495285     0.02738372     0.02410812     
0.036          0.08947117     0.04369898     0.02733523     0.02399625     
0.037          0.09107738     0.04236037     0.02680227     0.02398562     
0.038          0.09293559     0.04112197     0.02650769     0.02401063     
0.039          0.09522524     0.04003349     0.02615929     0.02408875     
0.04           0.09768839     0.03883583     0.02591617     0.02403313     
0.041          0.09766073     0.03732614     0.02560977     0.02406313     
0.042          0.1020329      0.03598101     0.02529035     0.02412749     
0.043          0.1038709      0.03471166     0.02505551     0.02415625     
0.044          0.1048617      0.0330936      0.02481359     0.02423437     
0.045          0.1084473      0.03171916     0.02450126     0.02433188     
0.046          0.110556       0.03020049     0.02427944     0.0243325      
0.047          0.113384       0.02869567     0.02381096     0.02438625     
0.048          0.1149499      0.02695866     0.02348148     0.02467125     
0.049          0.1169741      0.02559806     0.023097       0.02487062     
0.05           0.1188323      0.0240232      0.02290298     0.025055       
0.051          0.1206314      0.02239291     0.02272139     0.02507438     
0.052          0.1220716      0.02106489     0.02239132     0.02549937     
0.053          0.1229121      0.01992672     0.02210621     0.0257         
0.054          0.1240637      0.01856205     0.02198139     0.02578812     
0.055          0.1254418      0.01753711     0.02186664     0.02601374     
0.056          0.1269044      0.01649181     0.02176431     0.02632625     
0.057          0.1262015      0.01554265     0.02163062     0.02658938     
0.058          0.125889       0.01513528     0.02148629     0.02688688     
0.059          0.1251345      0.01444439     0.0214023      0.0271225      
0.06           0.1249408      0.01433521     0.02158508     0.02747438     
0.061          0.1243994      0.01452261     0.02194295     0.02792937     
0.062          0.1227087      0.01523304     0.02222451     0.02857625     
0.063          0.1190469      0.01582535     0.02236114     0.02879376     
0.064          0.1153828      0.01714116     0.02266696     0.02919875     
0.065          0.1122669      0.0188586      0.02317331     0.02938625     
0.066          0.1080181      0.02098587     0.02370685     0.030155       
0.067          0.1019215      0.02380484     0.02465328     0.03065187     
0.068          0.0958242      0.02674603     0.0255234      0.03073125     
0.069          0.0904313      0.03063393     0.02642488     0.03107875     
0.07           0.08350772     0.03453241     0.02717965     0.0314175      
0.071          0.07569953     0.0388171      0.02840291     0.03143188     
0.072          0.06915806     0.04343093     0.0293529      0.0312675      
0.073          0.06231374     0.04845212     0.03023188     0.03152687     
0.074          0.05397762     0.0538986      0.03127355     0.03124188     
0.075          0.04799249     0.05859146     0.03242464     0.03075687     
0.076          0.04343036     0.06332179     0.03306053     0.03054124     
0.077          0.03710349     0.06766675     0.03352073     0.02998437     
0.078          0.03691506     0.07051017     0.03407734     0.02903876     
0.079          0.03300498     0.07280202     0.03406019     0.0284375      
0.08           0.03379387     0.07388969     0.03391645     0.02752499     
