current        in_4_ch_15_out_1in_4_ch_15_out_2in_4_ch_15_out_3in_4_ch_15_out_4
0.001          0.05944455     0.05988118     0.0334947      0.02479875     
0.002          0.05956793     0.05993496     0.03359466     0.02476437     
0.003          0.0593107      0.06005961     0.03348938     0.02481938     
0.004          0.06024541     0.060269       0.03368516     0.02494813     
0.005          0.05913274     0.05972149     0.03360353     0.02503375     
0.006          0.0586108      0.05978992     0.03323443     0.02517562     
0.007          0.05820325     0.05989748     0.03342608     0.02523937     
0.008          0.05804399     0.05993006     0.03341958     0.02511187     
0.009          0.05779424     0.06030973     0.03353788     0.02522938     
0.01           0.05740465     0.06047267     0.0334456      0.02520937     
0.011          0.05705245     0.06001317     0.03320189     0.02558312     
0.012          0.05664267     0.0601639      0.03336219     0.02552375     
0.013          0.05624636     0.0604572      0.03326105     0.02560687     
0.014          0.05611324     0.06094604     0.03343495     0.02561813     
0.015          0.05590686     0.06141939     0.03354676     0.02563625     
0.016          0.05594949     0.06168011     0.0333131      0.02568187     
0.017          0.05510153     0.06190741     0.03341426     0.02574625     
0.018          0.05479793     0.06206548     0.0333764      0.0258025      
0.019          0.05425579     0.06243129     0.03331842     0.025895       
0.02           0.05380114     0.0628574      0.03328411     0.0258925      
0.021          0.05339735     0.06314989     0.03345388     0.02591812     
0.022          0.05262716     0.06340816     0.03358402     0.02620125     
0.023          0.05191827     0.06382042     0.03349648     0.02637625     
0.024          0.05130884     0.06393285     0.03353966     0.026505       
0.025          0.05074502     0.06463189     0.033529       0.02660188     
0.026          0.0497991      0.06515738     0.03349233     0.02679687     
0.027          0.04907227     0.06546372     0.03347517     0.02706437     
0.028          0.04859519     0.06560957     0.03352073     0.02735562     
0.029          0.04784892     0.06604464     0.03347341     0.02754937     
0.03           0.04775321     0.06656116     0.03353256     0.02793312     
0.031          0.04624869     0.06672493     0.03345743     0.02842        
0.032          0.04543811     0.06718118     0.03343969     0.02859375     
0.033          0.04453332     0.06772704     0.03348228     0.02910937     
0.034          0.04364347     0.06794051     0.03341781     0.02942001     
0.035          0.04291515     0.06814583     0.03323857     0.03010188     
0.036          0.04162748     0.0684269      0.03293039     0.03058062     
0.037          0.04057313     0.06884487     0.0327133      0.03117187     
0.038          0.03979023     0.06895241     0.03270088     0.0319475      
0.039          0.03866109     0.06916343     0.03264647     0.03262312     
0.04           0.03732184     0.06897849     0.03229273     0.03353938     
0.041          0.03633852     0.06859148     0.03232586     0.03435687     
0.042          0.03539634     0.06906159     0.03234005     0.03494375     
0.043          0.03554888     0.06900048     0.03204075     0.03599312     
0.044          0.03301843     0.06832995     0.03177515     0.0369325      
0.045          0.0321959      0.06878784     0.03183727     0.03805124     
0.046          0.03161861     0.06889945     0.03129721     0.03910375     
0.047          0.03030105     0.06866319     0.03124989     0.04057313     
0.048          0.03047154     0.0679894      0.03062997     0.04170749     
0.049          0.02851762     0.06771076     0.03033718     0.0431825      
0.05           0.02765395     0.06662717     0.02996689     0.04470938     
0.051          0.02696002     0.06569266     0.02956288     0.04596875     
0.052          0.02642462     0.0644616      0.02924819     0.04760812     
0.053          0.02578005     0.06290466     0.02864899     0.04884312     
0.054          0.02528278     0.06112202     0.02825504     0.05071874     
0.055          0.02468008     0.0598991      0.02764637     0.05211375     
0.056          0.02466663     0.05837149     0.02701343     0.05374        
0.057          0.02466588     0.05601038     0.02636632     0.05553437     
0.058          0.02509884     0.05364605     0.02606582     0.05724875     
0.059          0.02571499     0.0517249      0.0253217      0.05890125     
0.06           0.02664896     0.04897111     0.02481299     0.06075        
0.061          0.02751413     0.04654808     0.02432677     0.06227374     
0.062          0.02874644     0.04359305     0.02362345     0.06353624     
0.063          0.0299511      0.04051419     0.02299644     0.06443875     
0.064          0.03228712     0.0371526      0.02265336     0.06572125     
0.065          0.03412064     0.03425297     0.02215707     0.06648187     
0.066          0.03673484     0.03121483     0.02188557     0.06715375     
0.067          0.03970423     0.02797057     0.02156674     0.0674425      
0.068          0.04268035     0.02539683     0.02128045     0.0670475      
0.069          0.04588005     0.02284346     0.02120059     0.06631        
0.07           0.04931903     0.02067301     0.02113612     0.06542375     
0.071          0.05298385     0.0187421      0.0212         0.06423125     
0.072          0.05645871     0.01757378     0.02148688     0.06182937     
0.073          0.06012727     0.0167566      0.02195004     0.05970125     
0.074          0.06409044     0.01692036     0.0226504      0.05628313     
0.075          0.06646834     0.01789803     0.0231597      0.0529025      
0.076          0.0686406      0.01990961     0.02383462     0.04961312     
0.077          0.07160027     0.02280354     0.02524007     0.04505562     
0.078          0.07283858     0.02651871     0.02644321     0.04095812     
0.079          0.07225756     0.03133379     0.02731807     0.03724125     
0.08           0.07099383     0.03662222     0.02855849     0.03344688     
