current        in_4_ch_7_out_1in_4_ch_7_out_2in_4_ch_7_out_3in_4_ch_7_out_4
0.001          0.06094307     0.06162226     0.03280084     0.02494937     
0.002          0.06092737     0.0613697      0.03262635     0.02506625     
0.003          0.06038226     0.06116683     0.03260032     0.02535812     
0.004          0.06022373     0.06103322     0.03257784     0.02538125     
0.005          0.06044357     0.0610104      0.03274939     0.0251575      
0.006          0.0603875      0.06054192     0.03265474     0.02543626     
0.007          0.06020429     0.06023804     0.0326932      0.02545938     
0.008          0.06025215     0.06004332     0.03273046     0.02541062     
0.009          0.06025737     0.06004739     0.03279789     0.02547125     
0.01           0.06042563     0.05999281     0.0327482      0.02564375     
0.011          0.06037627     0.05964327     0.03274052     0.02557188     
0.012          0.06046301     0.05941679     0.03273697     0.02563813     
0.013          0.06078979     0.05911207     0.03276832     0.02569187     
0.014          0.06025963     0.05866397     0.03278783     0.02575499     
0.015          0.06027982     0.05822156     0.03287243     0.02574313     
0.016          0.0605894      0.0578525      0.03337876     0.02569        
0.017          0.06088924     0.0579413      0.03352783     0.02586625     
0.018          0.06048171     0.05740358     0.03331961     0.02597125     
0.019          0.06025514     0.05655383     0.03352428     0.02598125     
0.02           0.06031047     0.05626296     0.03344205     0.02622312     
0.021          0.0603516      0.05536513     0.03335332     0.02648313     
0.022          0.06016988     0.05503597     0.03382832     0.02648688     
0.023          0.06018111     0.05406318     0.03381116     0.02665062     
0.024          0.06019606     0.05363301     0.03372953     0.0267375      
0.025          0.06020952     0.05301055     0.03410041     0.02681562     
0.026          0.06030748     0.05221781     0.03425125     0.02705562     
0.027          0.06030224     0.05162713     0.03428851     0.027195       
0.028          0.06016092     0.05069181     0.03455588     0.02738249     
0.029          0.06003155     0.04960822     0.03461858     0.0276025      
0.03           0.05967188     0.04855885     0.03463219     0.02773187     
0.031          0.05952158     0.04809364     0.03471085     0.02791562     
0.032          0.05942062     0.04727158     0.03519886     0.02844312     
0.033          0.05916414     0.04633625     0.03555318     0.02859        
0.034          0.05953878     0.04497811     0.03585131     0.02904249     
0.035          0.05876559     0.04385866     0.03592702     0.029505       
0.036          0.05816811     0.04250132     0.03612931     0.03008563     
0.037          0.05779946     0.04095903     0.03620031     0.03070312     
0.038          0.05721921     0.03977279     0.03686872     0.03113437     
0.039          0.05689092     0.03826797     0.03701955     0.031725       
0.04           0.0568685      0.03668251     0.03724433     0.0323475      
0.041          0.05559504     0.03552395     0.03775067     0.03293125     
0.042          0.05468502     0.03419024     0.03797958     0.03360625     
0.043          0.05381237     0.03259254     0.03840607     0.03449124     
0.044          0.05343325     0.0312735      0.03884971     0.03519562     
0.045          0.05265707     0.03011984     0.03911885     0.03605063     
0.046          0.05175452     0.0284643      0.03970208     0.03672438     
0.047          0.05074727     0.02685112     0.03986062     0.03745375     
0.048          0.04950298     0.02553045     0.04018476     0.03836813     
0.049          0.04833497     0.02436212     0.04083367     0.03938625     
0.05           0.0466652      0.0228785      0.0409348      0.04050625     
0.051          0.04545308     0.02169062     0.04151568     0.04148126     
0.052          0.04449518     0.02073086     0.04180434     0.04243188     
0.053          0.0429159      0.01973689     0.04187887     0.04331        
0.054          0.04125436     0.0188912      0.04222432     0.04460187     
0.055          0.03943803     0.01825325     0.0423716      0.04555313     
0.056          0.03775704     0.01781167     0.04245678     0.04651312     
0.057          0.03608054     0.01769109     0.04282175     0.04752124     
0.058          0.03486318     0.01771716     0.04303411     0.04836125     
0.059          0.03306182     0.01823615     0.0429365      0.04901312     
0.06           0.03144663     0.01895718     0.04323582     0.04975063     
0.061          0.02988154     0.01992508     0.04303234     0.05047812     
0.062          0.0287083      0.02113496     0.04328727     0.05099437     
0.063          0.0277392      0.02326794     0.04273243     0.05097625     
0.064          0.02664372     0.02579524     0.04240946     0.05073        
0.065          0.02558488     0.02855066     0.04184456     0.05039562     
0.066          0.02516762     0.03165478     0.04158252     0.04999062     
0.067          0.025291       0.03582865     0.04096143     0.04937437     
0.068          0.02536653     0.03993328     0.03991445     0.04809313     
0.069          0.02584286     0.04403953     0.03901948     0.04663562     
0.07           0.02706097     0.04847167     0.03839424     0.04512313     
0.071          0.02892815     0.05416176     0.03718932     0.04316501     
0.072          0.03094788     0.0587153      0.03599741     0.04070813     
0.073          0.0334843      0.06236856     0.03514918     0.03803875     
0.074          0.0336189      0.06660109     0.03428615     0.03519        
0.075          0.03939017     0.07021687     0.03296351     0.0325475      
0.076          0.04335333     0.07175916     0.03198751     0.02994124     
0.077          0.04723126     0.07259916     0.03142321     0.02739125     
0.078          0.04978789     0.07297067     0.03091272     0.02576        
0.079          0.05323734     0.07030976     0.03071811     0.02440125     
0.08           0.05419224     0.0665742      0.03104167     0.02409562     
