current        in_4_ch_14_out_1in_4_ch_14_out_2in_4_ch_14_out_3in_4_ch_14_out_4
0.001          0.06010333     0.06014842     0.03345624     0.02489188     
0.002          0.06018859     0.0600205      0.03324034     0.0248625      
0.003          0.05972049     0.05994799     0.03329891     0.02494563     
0.004          0.05990294     0.05985023     0.0331321      0.02499937     
0.005          0.05994481     0.05951862     0.03295464     0.02509187     
0.006          0.06014297     0.05943797     0.03284108     0.02493813     
0.007          0.06028431     0.05916749     0.03285704     0.02503625     
0.008          0.06037553     0.05902978     0.03277482     0.0249575      
0.009          0.0610859      0.05891655     0.03297001     0.02491937     
0.01           0.0612063      0.05904445     0.0328251      0.02458187     
0.011          0.06196752     0.05897276     0.03265889     0.02465187     
0.012          0.06193238     0.05866072     0.03250036     0.02468749     
0.013          0.06271904     0.05861508     0.03246664     0.02437937     
0.014          0.06312881     0.0584717      0.03199402     0.0242225      
0.015          0.06413156     0.05846599     0.0319603      0.02405562     
0.016          0.06466771     0.05807329     0.03183904     0.02402751     
0.017          0.06518292     0.0579519      0.03170003     0.02396562     
0.018          0.06606904     0.05770096     0.03122977     0.02382249     
0.019          0.06641899     0.05741499     0.03113691     0.02365062     
0.02           0.06740678     0.05690252     0.03090444     0.02375813     
0.021          0.0676528      0.05646501     0.03051877     0.0236375      
0.022          0.0686952      0.05640228     0.03041171     0.02346        
0.023          0.07007034     0.05595988     0.03011122     0.02322312     
0.024          0.0706379      0.05560303     0.02996866     0.02314251     
0.025          0.0708024      0.0553806      0.02967408     0.02294812     
0.026          0.07353549     0.05482985     0.02924345     0.02265312     
0.027          0.07462125     0.05425465     0.02894888     0.02262125     
0.028          0.07539669     0.0535393      0.02865017     0.02260813     
0.029          0.07688101     0.05305128     0.02837393     0.02252062     
0.03           0.07808716     0.05264473     0.02790604     0.02239062     
0.031          0.07986461     0.05191718     0.02759667     0.02228875     
0.032          0.0808868      0.051034       0.02709802     0.02216937     
0.033          0.08041345     0.05042051     0.02695724     0.02185875     
0.034          0.08370738     0.04957075     0.02653905     0.02171187     
0.035          0.08387562     0.04870143     0.02603506     0.02164438     
0.036          0.08658479     0.04825251     0.02563934     0.02153562     
0.037          0.08936948     0.04728379     0.02521523     0.02125062     
0.038          0.08931638     0.04625886     0.02489758     0.02125812     
0.039          0.09169877     0.04504572     0.02448824     0.02109        
0.04           0.09347024     0.04386599     0.02423685     0.020965       
0.041          0.09364522     0.04277018     0.02379203     0.02096687     
0.042          0.09647028     0.04120589     0.02351343     0.02098562     
0.043          0.09847205     0.03972961     0.02305382     0.02095813     
0.044          0.1001934      0.03862482     0.02273913     0.02073437     
0.045          0.1018602      0.0371746      0.02217955     0.02062437     
0.046          0.1039225      0.03590525     0.02201452     0.02063938     
0.047          0.1055586      0.0345202      0.02173296     0.02063938     
0.048          0.1076337      0.03302272     0.02160933     0.0207625      
0.049          0.1085153      0.03142584     0.02125265     0.02102063     
0.05           0.1103735      0.02966196     0.02111127     0.02122313     
0.051          0.1117105      0.02805122     0.02095157     0.02134563     
0.052          0.1129862      0.02655864     0.02090246     0.02138251     
0.053          0.1141221      0.02474912     0.02093678     0.02162499     
0.054          0.1147697      0.02305773     0.02095748     0.02217126     
0.055          0.1146941      0.02147308     0.0209977      0.02233313     
0.056          0.1148497      0.0200579      0.02126803     0.0225725      
0.057          0.1143875      0.01861908     0.02175544     0.02323624     
0.058          0.1140839      0.01721773     0.02203522     0.02378437     
0.059          0.1136256      0.0158889      0.02230969     0.02435875     
0.06           0.1113232      0.01461793     0.02296035     0.02500438     
0.061          0.1103324      0.01377468     0.02381865     0.02558        
0.062          0.108374       0.01294446     0.02473077     0.02591374     
0.063          0.1059819      0.01240511     0.02567364     0.0265925      
0.064          0.1030925      0.01215172     0.02689632     0.02726312     
0.065          0.09963334     0.01232201     0.02810538     0.02830812     
0.066          0.09499344     0.01291596     0.02926417     0.02886812     
0.067          0.08927078     0.01365817     0.03109195     0.02974125     
0.068          0.08424577     0.01496989     0.03276003     0.03034        
0.069          0.07917216     0.01653499     0.03439263     0.03101124     
0.07           0.07365738     0.01872988     0.03571112     0.03185188     
0.071          0.06647506     0.02153093     0.03758504     0.03251062     
0.072          0.06013474     0.0245544      0.03941757     0.03277875     
0.073          0.05441881     0.0279616      0.04110812     0.03279937     
0.074          0.04790426     0.0322748      0.0425118      0.03310875     
0.075          0.04241638     0.03628246     0.04392493     0.03319312     
0.076          0.03719697     0.0406038      0.04456732     0.03291625     
0.077          0.03297433     0.04520623     0.04526945     0.03208375     
0.078          0.03032947     0.04949415     0.04559479     0.03153625     
0.079          0.02901863     0.05303824     0.04491809     0.03085249     
0.08           0.02953908     0.05581648     0.04420117     0.02981312     
