current        in_4_ch_9_out_1in_4_ch_9_out_2in_4_ch_9_out_3in_4_ch_9_out_4
0.001          0.06056023     0.06126623     0.03265593     0.0249875      
0.002          0.06099169     0.06113423     0.03278546     0.02537001     
0.003          0.06047123     0.06094848     0.03259559     0.02548624     
0.004          0.06044208     0.06102994     0.0324968      0.025475       
0.005          0.0605692      0.06101529     0.03254827     0.02534313     
0.006          0.06035534     0.06093464     0.03260091     0.02557876     
0.007          0.06032243     0.06082953     0.03267663     0.02562937     
0.008          0.06039871     0.06093137     0.03261334     0.0255025      
0.009          0.0606178      0.06116601     0.03252224     0.02529688     
0.01           0.06061556     0.06115462     0.0326305      0.02525313     
0.011          0.06057668     0.06102507     0.0325601      0.02556312     
0.012          0.06034486     0.06103076     0.03245422     0.02558        
0.013          0.06017512     0.06077821     0.03259085     0.02565187     
0.014          0.0602813      0.06095989     0.03251869     0.02554438     
0.015          0.06060136     0.06134852     0.03256897     0.02565        
0.016          0.06067315     0.06104869     0.03235011     0.02579        
0.017          0.06015718     0.06085315     0.03218921     0.02582063     
0.018          0.06026111     0.06114727     0.03225961     0.02576812     
0.019          0.06046451     0.06134199     0.03231048     0.0257         
0.02           0.06063799     0.06167768     0.032107       0.02580938     
0.021          0.06047572     0.06107722     0.03192363     0.02599437     
0.022          0.06008615     0.06140148     0.03187275     0.02597999     
0.023          0.06006445     0.06119045     0.03192126     0.02617375     
0.024          0.05991566     0.06105602     0.03183135     0.02610937     
0.025          0.06000089     0.06136888     0.03167164     0.02615063     
0.026          0.06010858     0.06174447     0.03153973     0.0262075      
0.027          0.06024092     0.06166218     0.03170122     0.0260575      
0.028          0.06066939     0.06225695     0.03153264     0.02630499     
0.029          0.06049667     0.06226997     0.03155215     0.02632875     
0.03           0.06113077     0.06242967     0.03142675     0.0263075      
0.031          0.06092065     0.06241664     0.03102689     0.02651187     
0.032          0.06097598     0.06261787     0.03096182     0.02648187     
0.033          0.06124891     0.06297553     0.0306838      0.026445       
0.034          0.0611689      0.06316047     0.03069267     0.02654188     
0.035          0.06132444     0.06353606     0.0304608      0.02654313     
0.036          0.06158093     0.06344483     0.03029992     0.02659626     
0.037          0.06227336     0.06412675     0.03012482     0.02657938     
0.038          0.06231748     0.06428806     0.0300083      0.02668125     
0.039          0.06257995     0.06433614     0.02980363     0.02666937     
0.04           0.06250666     0.06412594     0.0295262      0.02674249     
0.041          0.06252909     0.06450478     0.02936117     0.02673125     
0.042          0.06258743     0.06449746     0.028969       0.02687375     
0.043          0.06233991     0.06453168     0.02867383     0.027175       
0.044          0.06233842     0.06444857     0.0284384      0.0272775      
0.045          0.0624446      0.06440049     0.02817399     0.02741501     
0.046          0.06261733     0.06483638     0.02795573     0.02746375     
0.047          0.06320059     0.06487548     0.02765524     0.02753688     
0.048          0.06329257     0.06481601     0.02750736     0.02752063     
0.049          0.06353334     0.06545068     0.02715008     0.02747625     
0.05           0.06419438     0.06547432     0.02695783     0.02755812     
0.051          0.06381377     0.06562504     0.02658991     0.02750438     
0.052          0.06347503     0.06543276     0.02622612     0.02757875     
0.053          0.0640523      0.06536107     0.0259558      0.02758063     
0.054          0.0642213      0.06565601     0.0257819      0.02762875     
0.055          0.06443441     0.06597292     0.02543764     0.02760562     
0.056          0.06471033     0.06583198     0.02522527     0.02749063     
0.057          0.06472903     0.06625808     0.0250981      0.02760938     
0.058          0.06513732     0.06618232     0.02485558     0.02759812     
0.059          0.06496683     0.06592488     0.02466452     0.02749438     
0.06           0.06478959     0.06564459     0.02451251     0.02740125     
0.061          0.06446208     0.06553786     0.02455154     0.02726312     
0.062          0.06445909     0.06557047     0.02451191     0.027          
0.063          0.06442095     0.06554194     0.02448588     0.02697751     
0.064          0.06424523     0.06536677     0.02450955     0.02693751     
0.065          0.0643544      0.06493659     0.02486327     0.02675937     
0.066          0.06401492     0.0643011      0.02509574     0.02652875     
0.067          0.0634683      0.06389129     0.02524716     0.026475       
0.068          0.06252535     0.06393529     0.02555298     0.02636063     
0.069          0.06231149     0.06334461     0.02602264     0.02600437     
0.07           0.06240272     0.06298286     0.02641009     0.025745       
0.071          0.06124518     0.06219584     0.02695192     0.02556813     
0.072          0.06031197     0.06178522     0.02763631     0.02517562     
0.073          0.06006819     0.06137703     0.02826509     0.0249075      
0.074          0.05984761     0.06131023     0.02922808     0.02415374     
0.075          0.05840665     0.06097862     0.02985095     0.02392625     
0.076          0.05806941     0.06078146     0.03058207     0.02365812     
0.077          0.05809183     0.06041891     0.03168584     0.023305       
0.078          0.05703001     0.06008404     0.03205909     0.02326188     
0.079          0.05604221     0.05961313     0.03215728     0.02334126     
0.08           0.05638619     0.05978341     0.03272336     0.02321687     
